0.
0.
0.
-0.43576649
-0.1385932
0.40168133
-0.62197996
-0.30349195
0.38062374
-0.8051193
-0.79937905
-1.73889926
-1.06411029
-0.91558831
-1.86494938
-1.22745151
-1.49039863
-0.98323717
-1.04281145
-1.25856737
-0.55033411
-1.04038992
-1.29807665
-1.74535391
-1.60467643
-1.10175526
-1.57585236
-1.22819744
-1.29516927
-1.48086582
-1.19391533
-1.72942955
-1.39570313
-1.65581617
-1.99120883
-1.02925279
-1.88274105
-1.16965211
-1.53789602
-1.45297094
-1.15780082
-1.78765149
-1.44318498
-1.18823051
-1.02035055
-1.25154431
-0.83573885
-0.01820742
-0.64766287
-0.12823527
0.16890807
-0.34250161
0.11279841
-0.59526948
-0.51980161
-0.02221293
-0.31435345
0.27043871
-0.54308086
0.02214867
0.21728978
-0.38982805
0.24505233
-0.42766224
-0.04944359
0.72538692
-0.57852927
-1.09135683
-0.06306711
-0.64492331
-0.85339509
-1.08507596
-1.4637328
-1.73270178
-1.1695894
-0.93263893
-0.6816502
-0.87303897
-0.68454045
-1.23257648
-0.80840617
-1.12982892
-1.21047618
-1.59764913
-1.61304334
-1.22568314
-2.05419438
-0.6202295
-0.97370271
-0.841053
-1.22710319
-1.45204064
-1.2921521
-1.89486411
-1.12132651
-1.5951974
-1.81185381
-1.01490488
-0.56449092
-0.97321024
-1.25147185
-2.07853989
-1.21011257
-1.52861474
-1.36094888
-0.97861615
-0.72864839
-0.49789782
-0.63886574
-0.44763105
0.05562158
-0.27891728
-0.30183273
-0.2207651
-0.27482912
-0.26716786
-0.71069362
0.02417272
-0.5782736
0.10051869
-0.41028879
-0.05170913
0.31923738
-0.03613664
0.54901639
0.25327542
-0.42655331
-0.16885604
-0.80496245
-0.58117751
-1.24817762
-0.67489495
-0.43751831
-0.95187293
-1.16275944
-1.11988138
-1.59824495
-1.1414263
-1.37347355
-1.23191509
-1.11272122
-0.95123323
-1.40048331
-0.92208571
-0.98312472
-0.86872372
-0.786741
-0.7695183
-1.0839871
-1.52819057
-1.2393241
-1.75016017
-1.34419755
-1.55767346
-2.06878483
-1.99276546
-1.2715879
-1.26057812
-1.29393485
-0.72450877
-1.96062407
-0.62863518
0.02855967
-1.12968744
-0.69174059
-1.00017755
-0.88482327
-0.77968764
-0.98962206
-1.17660164
0.33961011
-0.10339754
0.56628502
0.04988936
-0.13092008
0.4171357
-0.49836718
-0.17984971
-0.45581243
-0.05207776
-0.26227409
-1.37285988
0.10999464
-0.53747449
-0.02292703
0.16224594
-0.10849355
-0.35918949
-0.81415085
-0.12554637
-0.73763058
-1.54440686
-0.64767841
-1.06759628
-0.54692336
-0.3641369
-0.33513877
-0.77428008
-0.45255054
-1.02517513
-0.77726782
-1.37643451
-1.61694019
-1.43255211
-1.37245922
-1.05451112
-1.45389659
-0.94053293
-1.06489166
-1.15815039
-1.41604281
-1.27809564
-1.34246701
-1.66874908
-1.19096039
-1.37161912
-1.35585634
-1.11048861
-1.58479915
-1.35348847
-1.19696788
-2.12321523
-1.65051895
-0.75356905
-0.74712095
-1.11588397
-1.50533538
-1.11634209
-1.16827421
-1.73687351
-0.76274529
-1.15300847
-1.84079298
-1.6197979
-1.2623623
-0.32679434
-0.64015367
0.35967063
0.57890964
-0.29161109
-0.2792467
-0.38206708
-0.63336034
-0.08854436
-0.14797673
0.23747061
-0.30775604
0.18814691
0.22111793
0.40091159
0.70044357
0.26119343
0.03089214
0.3612031
0.07079841
-0.21102743
-0.2444697
0.17387085
0.23816211
-0.15426297
-0.09936955
-0.16043016
-0.25143805
-1.44240037
-0.69412244
-0.64242017
-0.98891075
-1.67591714
-0.76280997
-1.05367341
-0.80537161
-1.66096876
-1.24284573
-1.14871573
-1.37538865
-0.51803027
-1.14092203
-0.93086684
-1.12017092
-1.33467019
-1.18820349
-1.32761626
-0.97452138
-0.7120088
-0.86706716
-1.13845559
-1.08300874
-1.12108156
-0.71286393
-1.11797711
-1.21000274
-1.56628558
-1.26330331
-0.19878112
-1.07217302
-0.62570887
-1.16257474
-0.87563756
0.28107718
-0.253824
-0.84850635
-0.23173138
-0.14179921
-0.00035995
-0.24986145
0.52944695
0.34314443
-0.07167444
-0.35895467
0.30367572
0.16895446
0.13625093
0.27071785
0.17381696
0.102862
0.19243982
-0.26179097
0.00810374
0.44176346
-0.11420805
-0.54825539
-0.29598388
-0.08041233
-0.62846255
0.25063679
0.18030719
-0.71135204
-0.1105275
-1.40391028
-2.12191377
-1.69787484
-1.72321363
-1.1731245
-0.83159278
-0.82390298
-1.06783718
-1.08845017
-0.65213149
-1.05586234
-0.90420886
-0.99915805
-1.4242006
-1.62728609
-1.28535082
-1.2339977
-1.24656242
-1.17725033
-0.82979953
-1.0175882
-0.60695841
-1.29586376
-1.26339493
-1.1890924
-0.78819768
-0.31808698
-1.02845046
-0.68364854
-0.34527926
0.49421682
-1.07228909
-1.40375165
-0.34684987
-0.19137212
-0.32401687
-0.29873046
0.37372427
-0.59975054
0.32681177
0.28713558
0.27059292
-0.30415845
0.23341378
0.14088766
0.25020054
0.06426251
0.00496505
0.06325116
0.24141024
0.1205813
-0.14179225
-0.11672602
-0.33514824
0.11360039
-0.45713783
-0.18092283
-0.11848763
0.00610329
-0.68636456
-1.26029784
-1.30269407
-0.83361378
-1.98767646
-0.77997538
-0.75672686
-1.46310377
-1.03770571
-1.51204522
-1.35806878
-1.08774738
-1.20291015
-1.00360988
-1.37507418
-0.61729921
-1.30385164
-1.08244002
-1.04997244
-1.13455942
-0.8391622
-0.9574883
-0.92597738
-1.17838232
-0.97083612
-0.99865687
-1.48522647
-0.90278608
-1.2057358
-1.25234993
-0.98159363
-1.24261662
-0.47505664
0.22771945
-0.90680476
-0.28949899
0.02438788
-0.35161831
-0.25871591
0.13212329
-0.51486105
0.51280805
0.28976603
0.05541162
0.32947553
0.29974005
-0.16857759
0.06990886
0.25965893
-0.13910363
0.04583846
0.50201813
-0.31209621
0.16869202
-0.54079558
-0.04292692
0.0104739
0.06950271
-0.18075017
-1.27814948
-0.33088946
-1.29120046
0.07956069
-0.7256817
-1.37648826
-0.74547119
-1.51934386
-0.89070657
-1.53551873
-1.46373782
-1.49880378
-1.35980743
-0.9400239
-1.37506416
-1.36237949
-0.90713297
-1.10833421
-1.27745551
-1.43701981
-1.92921509
-1.20618927
-1.17660904
-1.16911983
-1.01242942
-1.19511375
-0.51906171
-0.89551995
-1.27475405
-1.01416611
-1.02671761
-1.0504379
-1.36254493
-1.61134416
-1.38182196
-1.25669809
-0.87099937
-0.60023637
-1.06372606
-0.46222018
-0.93401601
-0.55319092
-0.0805853
-0.45848411
0.46316112
0.24527377
-0.0080329
-0.0009303
0.09223059
0.15267976
-0.50078095
0.03001247
0.16281226
-0.54248183
-0.13068857
0.12719052
-0.46003849
-0.96925874
-0.61924001
-0.27622231
-1.44405646
-0.51335877
-0.67565913
-0.40222259
-1.79451844
-1.49489697
-1.29425606
-0.58478992
-1.83925701
-0.87526517
-1.3321904
-1.27923192
-1.13983612
-0.73835429
-1.36083648
-0.84551251
-1.28757542
-0.8757705
-1.59942042
-1.57229659
-1.68111488
-1.39197023
-1.14303858
-1.33229002
-1.8119391
-1.24309449
-1.43366147
-1.43472946
-1.35932397
-1.12301539
-1.66491201
-1.46905638
-0.96794326
-0.66559931
-1.5122261
-1.02424489
0.10861519
-0.66561167
-1.22919979
0.1686204
-0.31580472
-0.43438123
-0.702495
-0.63104958
0.01080779
-0.33526509
-0.00423535
0.42466629
-0.0562127
-0.37198766
-0.3957393
0.07820191
0.06902752
-0.64056256
-0.8278948
-0.50783826
-0.07303334
-1.01630867
-0.73727215
-0.28527155
-0.45407412
-0.70227893
-1.19180284
-0.45781445
-1.37015444
-1.52921554
-1.07741629
-0.94763748
-1.73789547
-1.96937697
-0.93243336
-1.40259483
-1.45879316
-1.90720499
-0.40000232
-0.89759318
-1.13478067
-1.33872446
-0.97848719
-1.43262565
-1.73488144
-1.24859574
-0.92130617
-1.55509786
-1.69489824
-1.02260536
-0.7961187
-1.50934675
-1.34820332
-1.13491742
-1.75152106
-1.66356102
-0.79172874
-0.95964266
-0.54226735
-0.96094899
0.4103807
0.2380667
-0.06828133
0.05650606
-0.28114401
-0.8770859
-0.46929204
-0.402236
-1.19469278
-0.36526141
0.24331615
0.27827871
0.43789304
-0.20028995
-0.3350232
-0.44373713
-0.87332091
-0.57279136
-0.58774817
-0.50151567
-0.60042629
-0.35675054
-0.15231866
-0.20676487
-1.19331875
-1.24437028
-0.70726444
-0.81777415
-0.31694425
-1.56356289
-1.21328616
-0.40102246
-0.28114949
-0.96767285
-1.78020493
-1.28472278
-1.3487141
-1.86084328
-1.24412704
-0.92237945
-1.61046084
-0.48714402
-1.23552498
-1.22989426
-0.94633979
-1.09333352
-1.75879647
-1.72298222
-1.1791319
-1.54855713
-1.65976865
-0.94202865
-1.77503558
-1.10884738
-0.3978844
-1.097979
-0.43691772
-0.91865407
-0.74332047
-1.30133005
-2.03719211
-1.53196908
-1.10222828
-0.14271008
-0.77557542
-0.22809078
0.26873295
-0.35765742
-0.23192972
-0.703044
0.11276067
-0.4341405
-0.5716169
-0.22142841
-0.87127713
-0.19254404
-0.56778685
-0.16056507
-0.26888836
-0.56679528
0.17958063
-0.76796685
-0.16489489
-0.43189796
-1.18057079
-0.97066833
-0.68599395
-1.56751739
-2.1506782
-1.57997619
-1.08930211
-0.47546156
-0.74708631
-0.78767223
-1.61996793
-1.57115102
-1.6595459
-1.37662654
-0.71215127
-1.59593914
-0.96233574
-0.55411321
-1.11087011
-1.55502498
-1.02807053
-1.02971158
-0.83479531
-1.18464045
-1.73770465
-1.23133799
-0.85761852
-1.97258279
-1.49264049
-1.71449638
-0.86581014
-1.48395245
-1.26393907
-1.22896015
-1.11973809
-0.79249989
-0.55222825
-0.15388544
-0.58782431
-0.64616382
-0.67064178
-0.361856
-0.97234803
0.09423472
-0.74591644
-1.22772018
0.43872151
0.43340405
-0.46732764
-0.78583361
-0.01594505
-0.19562217
-0.29465477
-0.37306657
-0.01853559
-0.14780549
-0.37450325
-0.04403847
-0.93834563
-0.27948201
-0.77403146
-0.40410427
-0.36222165
-0.16474617
-0.39369205
-0.5472599
-0.44663184
-0.41649471
-0.65022187
-0.60013752
-1.13487757
-1.17756617
-1.28934483
-2.14435644
-1.12849353
-1.40062967
-1.79651028
-1.4266
-2.19330223
-2.11517075
-1.99951575
-1.70746393
-2.65277248
-1.34571069
-1.95577803
-2.17876372
-0.9872446
-0.85581883
-0.93362744
-0.69232164
-0.86057976
-0.83567934
-0.61010219
-0.34207496
-0.65545965
-0.24581074
-0.50302995
-0.16147863
-0.33243098
-0.544953
-0.28196975
-0.20723591
-0.48341064
-0.33714487
0.47861743
-0.3080715
-0.36815943
-0.31257061
-0.08720018
0.56978128
-0.66923588
-0.42172312
-0.32468347
-1.0770936
-0.28368465
-0.82602204
-0.05873529
0.37262034
-0.32603852
0.02153516
-0.9515371
-0.61403387
-0.41050507
-0.68078992
-0.6040064
-0.81823469
-0.54365421
-0.49942002
-0.55814897
-0.94887087
-0.46337961
-0.3853331
-1.05679737
-1.21323728
-0.9547053
-1.64927941
-1.59032127
-1.28674684
-1.3242725
-1.70972445
-2.60791915
-2.86948783
-1.92450737
-1.36060151
-1.94827657
-2.00624629
-1.49636799
-1.3228664
-0.7648238
-0.95370023
-1.25427101
-0.3209841
-0.31795745
-0.60485989
-0.74148381
-0.33850481
-0.30801391
-0.86635242
-0.44611788
-0.30129563
-0.53943674
-0.31776845
-0.09523926
0.03392853
-0.0277366
-0.75349332
0.32088157
-0.03949532
0.22105267
0.26994859
-0.39444173
0.0958869
0.56373498
0.19327671
0.08277506
0.432385
0.46288121
0.59689652
-0.48227692
-0.25802461
-0.58198032
-0.61432372
-0.83802405
-0.57241868
-0.49691245
-0.97920613
-0.28923178
-0.27806016
-0.22848091
-0.48743117
-1.01022216
-0.88582641
-0.55262508
-1.14790782
-1.20871604
-1.1285739
-0.71947156
-1.33697821
-1.2042146
-2.42999187
-1.96297637
-0.95119459
-1.2379534
-1.51983767
-3.03020232
-2.27682189
-1.30787252
-1.63216581
-1.91532145
-0.90404937
-1.2986061
-0.82626096
-0.67486661
-0.29539537
-0.48293716
-0.8952097
-0.71063632
-0.40439429
-0.80376579
-0.6228548
-0.73990719
-0.35874057
-0.37239069
-0.1093335
-0.02584658
-0.31184021
0.26820677
0.0041319
0.04797386
-0.32165295
-1.13286728
-0.55948675
-0.30659887
-0.42536459
-0.52712942
-0.48162986
-0.59119217
-1.01096174
0.06390914
0.2380438
-0.66347176
-0.61038402
-0.70409349
-0.49985228
-0.35198515
-0.38653068
-0.62090961
-0.68431265
-0.70630764
-0.76275393
-0.45283138
-1.14008568
-0.88002076
-0.68027095
-0.55307281
-1.28232025
-1.34677815
-0.86923779
-1.17317602
-0.69535003
-2.12663378
-1.50942035
-1.74393412
-1.66913676
-2.37962435
-1.57550842
-1.3102367
-1.81149557
-1.48635548
-1.55415496
-1.39887716
-0.49135902
-0.94985377
-0.64161346
-0.11281683
-0.5619462
-0.58318347
-0.40501012
-0.97912459
-1.07314571
-1.51749145
-0.63056968
-0.52420769
-0.71191521
-0.15062275
-0.39075041
0.26225525
0.60495354
-0.97230278
-0.20911699
-1.00697904
-0.24912436
-0.45194681
-0.68528454
-0.75686149
-0.42988236
0.40823898
-0.19895077
-0.29098073
-0.31763743
-0.56757215
-0.25161228
-0.58541154
-1.08765058
-0.5725803
-0.97988125
-0.64006595
-0.66711215
-0.50115258
-0.38122328
-1.07083853
-0.02121746
-0.8286992
-1.67878242
-1.32670399
-1.17876781
-1.57436201
-1.45678972
-1.65310838
-1.48586416
-1.45499524
-0.84279511
-1.25489314
-1.44540834
-1.33653082
-2.3056563
-1.93314294
-2.07271307
-2.10887315
-1.79248921
-1.49144265
-1.38982217
-0.55014353
-0.55097026
-0.72862416
-0.24562948
-0.38499482
-0.42034229
-0.78967056
-1.05813371
-0.55767733
-0.5083749
-0.77693412
-0.50028299
-0.19423354
-0.74181524
-1.00876931
-0.39128968
-0.67089368
-0.14177674
-0.52613637
-0.4801204
0.36207916
-0.76029294
-0.60654915
-0.29365767
-0.7997035
-0.33837225
-0.48221104
0.4776422
-0.89542847
-1.04319116
-1.06700697
0.92020605
0.43625028
-1.97981141
-1.27728999
1.16108268
-0.11753715
-1.52951829
-1.72125293
-0.21114819
-0.59854326
-2.39506857
-0.99967006
0.70633425
-0.72609151
-2.44007955
-1.49195266
0.53247832
-1.50476104
-2.27770923
-1.17837287
0.02874495
-1.44746372
-2.53830538
-1.10609489
-0.14476272
-2.1446735
-1.77216887
-0.3982417
0.30077156
-1.77912965
-1.90371637
-0.14424696
-0.30339301
-0.79010152
-1.24030668
-0.24745007
-0.32361185
-0.56331441
-1.20171597
-0.06995654
0.09597139
-0.63934436
-0.95152409
0.04598734
0.65778473
-0.44401392
-0.94083248
-0.48676715
0.16167445
-1.04129356
-0.43840763
-0.2496674
0.11478896
-0.17589362
-0.3996389
-0.2315195
0.45189698
-0.95651823
-0.85040219
-0.37725029
-0.61814463
-0.92812934
-0.91441075
-0.44917215
0.07830334
-0.99867562
-1.67261678
-0.70816831
-0.43987369
-0.84151385
-1.22796459
-0.2895027
-0.54607858
-1.27159027
-1.16759661
-1.30658027
-1.29851831
-1.54939192
-2.09404564
-1.45083668
-1.4710874
-1.83366498
-1.62117156
-0.92768708
-0.79555725
-1.76180277
-1.55055689
-1.34624052
-1.07243357
-1.16354103
-0.95327614
-0.14816696
-0.87150827
-0.70020763
-0.55144862
-0.96443432
-0.53670068
-1.07132623
-0.60809044
-0.09973687
-0.55827851
-0.58642025
-0.27583324
0.01568197
-0.83470649
-0.12955452
-0.53132625
-0.93352291
-1.29398283
0.12575746
-0.66075273
-0.72499611
-0.48702643
-0.39711255
-0.47967593
-0.84949748
-0.08387887
-0.32325683
-0.73613653
-0.99081025
-0.5793003
-0.72676883
-0.74523283
-0.81681768
-0.69604441
-0.37138487
-0.53095758
-0.58845886
-0.19668927
-0.35432491
-0.70697273
-1.11773504
-1.52676675
-1.41138627
-1.94496181
-1.70492456
-0.28050544
-1.29820682
-1.14893824
-0.41922379
-0.6902243
-1.00223748
-1.847217
-1.33945146
-1.19769726
-1.90221519
-0.85216183
-0.78294269
-0.39911933
-0.91111761
-0.61476523
-0.82564464
-0.64086981
-1.16849244
-0.88847495
-0.63695311
-0.80427986
-1.06741809
-0.23154293
-0.23753263
-0.07631289
-0.7009232
-0.14807722
-0.06717143
-0.47833665
-0.37350238
-1.50098998
-0.55102233
0.505245
-0.26829828
-0.33003088
-0.37970049
-0.8049433
-0.21680261
-0.00834052
-0.407827
0.00491238
-0.00865138
-0.35392906
-0.47378394
-0.48605506
-0.35096979
-0.49242467
-0.77983833
-0.56007148
-0.8278737
-1.07924944
-0.82365265
-0.30368211
-0.43950281
-1.80029481
-1.326985
-0.96659702
-1.10871498
-1.08886131
-0.81010571
-3.49377497
-4.49755117
-3.9659783
-2.38037441
-0.89531733
1.53747763
6.95470373
6.60162176
3.76202252
1.23961738
-0.67704282
-2.51709966
-5.01517054
-6.06981755
-5.59256722
-4.0842506
-1.92244187
2.48186774
8.12116471
7.85674979
6.05847021
3.71721134
0.57375749
-3.85767222
-9.62166466
-11.11887124
-8.08645204
-4.39217001
-1.63465702
1.12189249
3.4994158
4.21461517
3.98333041
3.22364574
1.16559787
-1.93378409
-7.47657429
-8.59569547
-5.82591206
-3.6497777
-1.08872412
0.99449944
2.78876016
4.03729691
4.0305106
3.08761473
1.35984055
-2.38554765
-7.7216898
-10.56113046
-8.18131273
-5.62423001
-2.18109787
1.09895721
4.69004088
7.68252003
6.74632253
3.8002849
1.0046622
-1.61983474
-3.27552895
-4.67773897
-4.21707087
-3.67455018
-2.44060694
-0.30788786
3.05867755
5.26698536
3.98904501
2.12244557
0.48749749
-1.24055669
-2.65445224
-3.88206641
-4.25498025
-3.72691793
-2.97466324
0.27765832
5.03452271
6.04323039
6.31243328
3.72749292
0.99280853
-1.94958294
-5.00562198
-7.19845578
-7.5792092
-5.16066658
-2.00184906
0.54116199
2.17187016
3.28295203
3.3149503
2.5134791
1.28276348
-0.41624094
-2.58926281
-3.37323419
-2.34552507
0.47061322
4.88020649
5.27182064
4.45844207
1.87868986
-0.57496977
-3.12714477
-6.15755139
-8.04322299
-7.82836403
-4.07969375
1.96901887
8.41470803
11.45890888
10.89510927
8.92043771
4.48478761
-1.47931238
-8.83803707
-12.78263306
-11.85159488
-9.31689975
-4.93329222
-0.07322828
3.93382227
6.79616441
7.89558751
7.94954421
5.49452514
-0.23777732
-12.41276369
-14.97744779
-12.26138682
-8.63462538
-4.86680064
-0.95448737
3.0050499
6.5991649
8.50865232
9.18418
6.51066349
1.33837843
-8.95772854
-12.82074516
-13.08004373
-10.70740572
-7.23693504
-2.34917029
6.19148107
11.79236455
12.11290384
9.56117106
5.21014324
1.05307787
-3.04471268
-5.85885407
-7.55789045
-7.43239076
-6.051434
-1.68258013
5.98380928
10.37037621
9.55241892
7.6699068
4.67964408
1.26060942
-2.01220183
-5.53960802
-7.52934084
-7.59541475
-6.57250053
-3.25231203
5.28975646
10.41671486
10.84702825
9.79429936
6.45915127
1.58440356
-5.17386398
-11.14058251
-11.90064325
-9.56244124
-5.88612775
-1.9347123
1.71491628
4.25857341
6.03755121
5.60166283
4.57213519
0.7243191
-5.07207513
-9.42162541
-9.67317111
-7.56373062
-4.70962695
-2.00488552
0.90410886
4.37143306
8.66725679
10.27651822
9.03158473
4.55468259
-1.63172619
-9.87830336
-14.99751571
-17.2557111
-12.33647367
-6.11264192
-0.21523388
6.69792468
12.94327565
17.09934111
14.66779029
7.48104299
0.85983759
-4.23630024
-7.7691933
-9.26117544
-8.36985884
-5.64354592
-1.90773897
3.87209366
11.41156729
22.67430372
19.88992156
9.35194694
2.41730407
-3.05370085
-7.09291961
-9.57699494
-9.81224091
-6.98364234
-3.00163907
3.36680927
9.10035434
14.09349418
13.35068656
8.17818237
2.92912523
-3.25353524
-9.68378036
-17.15610482
-19.50519378
-11.06236015
-4.00010364
1.80099605
5.58988898
7.66630218
7.61739541
5.74185407
2.1837886
-2.72977471
-9.37258923
-19.61257156
-22.83907671
-11.27228899
-3.97789612
1.59301919
5.45257983
7.98298007
8.43359629
6.767107
2.92253489
-2.68547068
-8.6470871
-14.02710504
-13.39692541
-9.65901953
-3.83384315
1.93414776
7.14863793
14.56982892
17.15731306
10.40532317
3.53231807
-2.25995988
-5.14346285
-7.23999657
-7.09133731
-5.77336741
-2.87285563
1.1938778
5.84916064
12.45921314
16.39275782
9.22692777
3.18847944
-1.79964639
-4.74725685
-7.21628158
-7.74128533
-6.88834471
-3.78897005
1.28694202
6.62718264
11.1922266
11.5717592
9.50649314
9.7445289
-3.25907451
-17.34957224
-20.89692874
-21.28868875
-18.39391562
-7.3701857
12.41890596
22.66039729
21.30694423
17.01456085
9.9475396
2.67034354
-6.50269932
-14.55575757
-18.21236642
-19.12782086
-16.85792971
-7.81853253
10.71754508
25.80582397
24.44378754
20.41841815
14.36823394
5.24453655
-6.31033509
-17.50984721
-22.47478642
-22.12590281
-17.23839884
-7.70984829
5.03514518
15.25349689
19.72774523
20.22237799
16.64145948
8.52733226
-8.03772921
-27.86059524
-27.26495752
-22.39223506
-14.97143629
-6.4626859
2.72044637
10.87262904
15.78278592
17.52365576
15.55542885
9.41817797
-5.77751631
-25.51759975
-26.72964486
-22.67143869
-16.31729708
-8.09393292
2.37335827
13.41594052
19.75803227
20.69140037
16.92664571
8.43909414
-3.4676437
-14.03784163
-18.93896159
-19.58712972
-17.24193925
-11.04438318
3.14912707
19.99090552
24.51423911
20.30086445
13.70989619
6.04379026
-1.91211674
-9.37497037
-14.31768244
-16.24490916
-15.46455328
-9.62423557
2.23656941
19.12980136
23.25674195
20.26207851
14.88434086
7.34146718
-2.03046247
-11.76751658
-18.34534794
-20.14026332
-15.97919544
-8.87502804
1.06023887
10.45247373
15.58981995
16.51366265
14.46560654
9.37957929
-1.26614869
-16.48577737
-23.67340262
-25.88314652
-27.04161643
-17.25613162
-4.6555631
3.05000639
9.34769909
11.38538017
11.83591695
10.07854013
5.16310015
-1.58337035
-10.67107028
-16.01428503
-21.2086437
-16.22075778
-7.7274251
-0.63253159
6.85298893
11.44634725
14.63601843
14.0021773
7.74051999
1.14232113
-5.78960586
-9.83564661
-12.18989772
-11.41489168
-7.21731729
-1.85788346
4.44481577
11.13883545
19.63381149
19.06358928
9.30081511
1.71263584
-4.2519718
-7.73588148
-10.10442424
-9.76869456
-7.30416003
-2.43371202
3.74136928
9.82476263
16.33057461
15.4427548
9.09777601
2.07146607
-4.04132885
-9.24793337
-13.5434791
-13.55748523
-9.5654256
-2.81365632
3.16267114
7.24710237
10.02237517
9.71305294
6.80478948
1.69170289
-3.35299436
-9.98574005
-17.62113162
-19.56861988
-10.78092375
-2.93821002
2.52435097
6.27870331
8.30052325
8.78022022
6.36468808
2.2838035
-3.48864956
-9.47971657
-15.64162421
-16.84193828
-10.25764563
-3.14062327
2.50714521
7.25937575
10.47895664
11.30804901
8.01246235
2.52900444
-2.66838369
-7.5133879
-10.90988287
-11.10859775
-7.89864799
-3.07839196
1.87623306
7.13123268
12.4855165
14.61852717
8.78383922
2.42172782
-1.97085251
-6.24009692
-7.85553817
-7.93142887
-5.84517624
0.19254089
2.37012785
-3.63560658
-6.25295307
-5.57668186
-2.69738745
0.31240821
4.20493148
9.96382151
10.05050038
8.19305678
3.70754182
0.26455572
-5.01088435
-11.53129566
-12.33683823
-10.76793972
-6.81094689
-2.09358397
3.42291887
9.34334687
11.51983892
10.87741359
8.153326
3.18612723
-4.83913067
-13.92672219
-15.09062568
-12.1988142
-8.42995547
-3.78221081
1.84963567
8.04246652
10.64482686
11.02683302
8.52880786
4.06172363
-3.32221684
-11.79953575
-14.26225866
-12.69629638
-9.821939
-4.98479194
0.9659183
8.31811246
11.94455561
11.58983656
8.87409845
4.25176842
-2.05734427
-8.61101407
-11.55221954
-11.77603056
-9.76655371
-6.31915595
0.03880467
9.96637931
12.97257077
11.20700025
8.52962008
3.84611215
-1.35169705
-6.91737372
-10.46194916
-11.1909366
-9.6185338
-6.1042301
0.21605153
9.19189072
12.5041844
11.17151434
8.74380782
4.79142285
-0.45607989
-8.08174682
-11.49339397
-11.54873015
-9.45803213
-5.52139208
-0.01600216
7.04162242
9.81301309
9.65506239
8.50488763
4.959554
-1.08684655
-9.7425089
-12.16359554
-11.89424491
-8.49705473
-4.52528382
0.41298578
5.18212673
8.3984096
9.22567185
8.45027011
5.4376866
-1.03538972
-8.17619749
-12.46465974
-5.51605129
9.54178627
14.37514455
11.30562233
7.13816022
2.61520422
-6.09954156
-16.09812284
-16.40407715
-13.40030999
-8.1639399
-1.77430286
7.12032136
15.3732167
17.32131433
14.19535586
9.74907743
2.67145818
-7.93788661
-20.82391619
-23.22472221
-17.73221179
-11.48325028
-3.56581685
5.85048299
14.4503202
18.34096482
16.43273049
11.98910864
4.54084725
-5.58202459
-17.47393759
-22.83214496
-19.02919717
-13.42388713
-5.43167686
4.68933672
16.09566351
21.83815076
18.8256901
14.37037235
5.82609594
-3.86257428
-13.69157697
-18.9739556
-17.23923329
-13.09935488
-5.78150899
4.40423365
17.04964311
24.1502235
21.31528829
14.17756197
5.79477452
-3.23636583
-11.91551923
-17.33072122
-16.9170652
-12.95684695
-6.54465424
3.48804934
14.43522542
21.24422795
18.69331085
13.21087653
6.06212837
-3.2991238
-13.17887257
-19.0929825
-18.57830131
-13.56523949
-6.18748484
2.3111006
10.93012259
15.86526026
15.29373486
11.82504011
5.86849581
-3.48443429
-14.43849382
-21.3198628
-19.72241412
-13.80864967
-6.31278326
1.27637637
9.65450386
15.00509548
14.81487127
11.64520412
5.40099586
-2.97749295
-12.18675308
-18.12122771
-17.8369422
-14.27509937
-7.24415286
1.33862725
9.61249717
16.60388341
17.31141013
20.71026688
23.30004213
19.42869498
8.84057074
-1.97059653
-12.0721801
-18.38227271
-22.82534041
-20.87449644
-13.47407632
-3.24480212
9.02050741
19.57766121
29.33100492
27.04967378
17.20516896
6.7647983
-4.81059531
-14.38232956
-23.02275771
-24.38541209
-18.30113571
-9.51906003
1.9432199
13.62186736
23.96146464
26.23168709
19.72727131
10.51893074
-1.32560097
-12.58695885
-24.30729357
-27.89776542
-21.28123934
-12.22259579
-0.66772411
10.38753823
19.5125917
22.77785079
18.27545389
11.11039272
0.82805704
-11.72663645
-24.75593123
-29.44717361
-22.17055433
-12.37720909
-1.6976928
8.72983557
18.58148678
23.01837637
19.1122137
11.71144609
1.30793553
-9.99131094
-20.35191307
-25.18082505
-20.17546207
-12.23336165
-2.29669519
9.03650697
20.04094085
26.1286126
21.27536272
12.00807995
1.88373051
-8.26323409
-17.49911798
-20.67015683
-18.62294932
-11.53600643
-2.4761958
8.35203032
20.97412202
26.79603212
20.86701716
12.27174603
2.50241646
-7.59640275
-16.71797326
-20.79894995
-18.78764139
-11.85107584
-2.80366539
7.29669649
18.03664756
21.54773902
18.78539382
11.03464777
1.77110654
-8.36544107
-18.09907443
-23.59709653
-20.322564
-12.79152631
-3.37919198
5.85174145
13.60722419
17.70494982
17.25889981
21.26740028
21.54544761
11.18378137
0.07789314
-12.08388125
-22.8627604
-28.09725621
-29.59111792
-17.73245797
-5.55491638
6.41332312
16.30826075
22.55054952
25.42441308
19.0932967
8.13374947
-2.69052239
-13.61644203
-21.83634487
-26.33587725
-21.23871225
-10.32183849
0.06886984
11.00704999
21.21156967
27.92564853
23.91045112
12.95795571
1.33890972
-9.52084055
-17.88075118
-22.93599168
-20.59934824
-12.21406643
-2.63286339
8.48200038
18.62473917
27.35133782
25.39242125
14.2767579
2.83080377
-8.08491653
-17.08198034
-23.23006561
-22.28732628
-13.42155173
-3.35157176
7.05932834
16.76552231
23.35149841
22.21032591
13.33879522
3.37921093
-7.12845029
-16.9744941
-24.96601885
-24.86003369
-14.88952145
-4.19998833
6.64957469
15.18214819
20.74179093
20.11039825
12.60917731
2.8518063
-6.99043754
-15.84448591
-24.40245583
-24.0782908
-14.86741339
-3.98080456
6.48319225
14.30482755
20.82875519
20.50799445
13.50301
3.46400108
-6.12811781
-14.67624668
-20.46176943
-19.9476572
-13.5635481
-4.10513214
5.46224447
14.34373402
21.81975309
22.88226795
14.59039197
4.32330545
-5.14210994
-13.02647104
-18.03494494
-17.33215181
-12.34668348
-4.48446843
4.89218204
13.42182101
20.54897578
21.94745591
16.25014031
12.12660972
2.97736896
-12.20882296
-17.94184536
-19.74623603
-17.86515924
-10.06243448
-1.66574092
9.24232707
15.39044773
17.71889902
16.02401449
9.24716173
1.43873129
-8.59810867
-14.22851946
-17.24488717
-16.52234032
-11.49406525
-3.58197054
7.70867573
13.96854286
15.93966884
15.00766624
9.80099414
2.69664989
-6.5312926
-13.05787127
-16.06986501
-15.60277108
-11.44616692
-4.68222559
6.016562
12.88599235
15.84322604
15.13131999
10.94431464
4.20320948
-6.32951296
-13.36131027
-15.71308028
-14.9637409
-11.68799544
-4.3988003
5.07103563
12.03436862
14.95220849
14.44249119
11.8671418
4.63716422
-6.00269615
-12.78446696
-15.28208127
-14.31639447
-10.59252855
-4.35783311
4.2094286
10.72902373
13.50784569
14.35888733
11.42088456
4.34021285
-5.14711554
-11.81308603
-14.46208381
-14.38909193
-11.06110861
-4.48500979
3.98259514
11.15253904
13.90595439
13.74495157
10.10096182
3.87630673
-3.46738378
-10.12623668
-13.84560371
-14.36637365
-11.45959992
-6.18460262
4.24131629
11.69498053
13.51843514
13.37016081
10.92885609
5.56470008
-4.02284139
-10.68184444
-13.03783137
-12.95207636
-11.09550537
-5.36668107
3.59517458
10.85206194
12.91881708
12.93390468
10.09123329
4.46479986
-2.9235779
-9.78436019
-14.53624039
-17.34265233
-17.33518187
-9.85701494
-2.8080122
5.00472469
9.21502612
12.05071866
12.38126926
8.79781012
3.54425527
-3.29836791
-8.44266073
-11.68754083
-13.09695414
-9.80273106
-4.910306
1.15464157
6.98879056
11.17553104
12.83126329
9.79107674
5.24211793
-0.5613829
-7.0239267
-12.78156486
-15.1502189
-11.38425745
-6.16858459
-0.38979616
5.27114572
10.92997043
14.34604918
10.92700681
5.72233465
0.25016496
-5.16970616
-9.2404097
-11.4759429
-9.74963935
-6.1898348
-0.7339537
4.91564407
10.26974425
12.38090684
10.2856071
5.91368376
0.54769217
-4.75244568
-9.91950673
-12.41508809
-10.57048157
-5.94518703
-0.79109942
4.81551476
10.74869747
13.6996421
11.10206085
6.42266385
1.18854182
-4.34305341
-9.48244087
-13.52634206
-11.49612707
-6.59563777
-1.12313671
3.6620815
7.96147434
10.31686264
9.06594447
6.21009788
1.64562653
-3.67236287
-8.76219978
-11.35802172
-9.92904315
-5.89010912
-1.36732523
3.41161789
8.28885049
10.77123489
8.87231018
5.63042986
1.47157963
-3.70165612
-9.88064796
-13.5187283
-11.30052035
-6.43056075
-1.55093935
3.72076175
8.3964962
12.02472119
10.47125166
6.50734935
1.73596527
-3.2847566
-6.97181236
-9.05190761
-9.20942149
-6.88906131
-0.14622159
5.38067532
8.66577623
10.08973163
9.49739012
8.03114059
-0.50432298
-5.75037196
-8.9104612
-10.87859849
-8.89064274
-7.62457701
0.48598854
5.52398926
9.49204547
12.87051437
10.49233644
7.61815451
-0.23670014
-5.22914035
-8.63149644
-11.26167574
-11.42759398
-7.38378074
0.20795381
6.01022143
8.5164712
10.25774862
9.06093415
6.04165621
0.24351358
-5.68854704
-8.47310447
-10.70050078
-10.57432786
-6.727504
-0.08772227
5.4867076
7.98802153
10.15330525
8.7152322
5.42777861
0.91576901
-4.69320881
-8.20255741
-9.72500492
-8.76384635
-6.41279017
-0.81653198
5.14708041
7.99509866
9.07423528
9.77409696
4.85658299
0.00266284
-4.37861494
-7.32675626
-8.75103916
-8.79215
-5.8715775
-0.90873113
3.77085954
6.13385599
7.70344624
7.57004598
4.88272834
0.73411636
-3.81664122
-7.05793756
-6.7214105
-7.292559
-4.7506013
-1.09375573
2.66073524
5.98378247
7.55916085
6.67350791
5.55796864
1.00362213
-2.30769177
-6.1140216
-8.07518716
-6.40121112
-5.43709566
-0.72244283
3.32036185
5.33244825
7.11076435
6.52157047
4.56234124
0.08115242
-2.29237148
-5.5861533
-6.53539388
-5.97830493
-3.67298998
-0.76464924
1.99862187
4.06893628
6.65779187
4.95327087
3.27104674
-0.58963067
-2.04028051
-4.10448399
-5.71878897
-5.9485173
-3.98207443
0.17616751
2.89213745
1.26536461
4.40904856
5.22999884
3.26110179
-0.91284382
-3.07596478
-1.91783657
-4.535728
-5.98707325
-4.20761632
0.44185185
2.13205971
1.37587615
3.40515387
4.51218725
2.95447839
-1.2126618
-2.09190846
-1.78246123
-4.10668612
-4.76982859
-4.81282571
-0.04956875
1.24695131
1.20638614
3.76675096
4.8888025
2.84968863
-0.57613911
-2.32111481
-2.11803051
-5.22066905
-5.23231242
-3.39872624
0.00333183
1.12068076
1.21473422
3.65711956
4.08618838
2.25438978
-0.02428099
-0.77784217
-1.88168213
-4.46818487
-4.26971611
-3.44894178
-1.68053562
0.15754517
0.95337519
3.22132729
3.78680425
1.78510633
0.47447173
-0.76207768
-1.6294515
-3.72185427
-3.73785334
-3.48838133
-2.02941252
0.76035747
0.78387046
2.85913735
2.94921217
1.29286237
0.21874955
-1.15731994
-2.2521944
-3.83157243
-3.3422737
-3.08550872
-2.44540186
-0.55759978
1.94421245
2.51540422
2.63949167
1.76894805
0.6837735
-0.34859588
-2.359874
-3.09259012
-3.42103791
-2.61268232
-1.29521758
-0.16837728
1.44030489
1.75357923
2.70478475
2.56075856
0.64184602
-1.75508559
-3.09140563
-3.97332336
-3.35933063
-2.62680774
-0.65009074
2.18715941
2.04230818
2.60922715
2.22738909
2.49513315
-0.31583719
-2.65937195
-3.20985374
-5.32479474
-3.79580454
-2.31575928
-1.53570686
1.02169269
1.71522429
3.5951031
2.88918575
1.46181967
0.28974299
-2.04337724
-2.82984196
-4.1573332
-3.64985193
-2.09400997
-1.12928744
0.7051849
2.26148859
2.81640921
2.27276752
2.31628142
0.36555971
-1.64019843
-3.78662014
-2.223901
-3.54214159
-3.54189207
-1.22618782
0.61668802
2.43418699
1.28070931
2.7547034
1.60321624
-0.38733075
-2.10619216
-2.49527842
-3.00869885
-3.66861341
-2.46614596
-1.05894435
-0.09649355
1.5970818
1.87701288
1.7831968
1.63765232
-0.67622341
-2.09814439
-2.70894485
-2.60714702
-3.23042242
-2.12943065
-0.97866311
0.24898947
0.91180268
1.91085595
1.64915993
1.14277205
1.09395428
-0.25662904
-0.68015624
-3.38021297
-2.32453317
-2.25849917
-1.40878673
-0.25977812
0.63448889
1.44319699
1.977267
0.89195644
0.05613307
-0.87909104
-1.41369216
-2.4317348
-2.25541513
-1.77293175
-2.11300992
-0.32807734
0.23888148
0.88676879
1.6381251
0.15557803
0.2499277
-0.51345091
-1.5255811
-2.01574945
-1.53570497
-1.03657553
0.16839661
1.81274334
1.66122442
0.24845585
-0.48795151
-0.31893123
-2.70413068
-2.79425652
-2.37747597
-1.13607736
-0.34072792
0.33997354
2.26885698
2.49318103
1.32864545
0.6461334
0.24247125
-0.53300665
-2.2071493
-2.69332351
-2.27443868
-0.83460816
-0.82090308
0.23463079
1.84407593
2.14947241
1.84490727
1.27499629
-0.32905144
-1.68052356
-2.78648682
-3.08375347
-1.72608276
-2.05091705
-0.64419546
0.98756334
1.72358161
1.96496095
0.77390623
0.87738255
0.54289947
-1.65771446
-1.9479228
-2.94686776
-2.59705474
-1.17482452
-0.52530183
0.41470568
0.43320244
1.75858152
1.87897786
-0.16838734
-0.72847956
-1.07460332
-1.13511944
-1.53824286
-1.66431836
-1.36273188
-0.68893626
0.70969119
1.64345393
0.88612809
0.85785978
-0.04250069
-0.21716156
-0.68790364
-1.70356779
-2.00412551
-2.71937301
-1.74974493
-0.6185124
0.43506498
1.57110006
1.78726612
1.65669935
0.21382149
-0.66921056
-0.56267987
-2.04087778
-1.98502837
-1.55080756
-1.3611508
-0.67918229
-0.37334902
1.81527428
1.21797423
0.81798062
0.80399008
-0.44600982
-1.26914363
-1.55493335
-2.37564422
-1.86473741
-1.50114963
-0.09882361
0.59584931
0.73957876
1.22593204
0.7937704
0.09894467
0.26917528
-0.80471896
-1.95124999
-2.0314953
-1.9595206
-1.79400253
-0.75910101
0.98765057
1.07206302
1.44370141
1.09709958
0.91547719
-0.19270172
-1.43257823
-1.49118564
-1.71398614
-2.13118103
-1.7543898
-0.34073197
0.05719635
1.09509917
1.62798253
1.22501187
0.36152172
0.03207096
-0.64020177
-1.3361274
-1.9520631
-1.87479759
-0.74902883
-0.21745673
0.21852889
0.78452655
1.86310201
1.91850763
0.8433309
-0.22179545
-0.48539619
-1.70841264
-1.79375484
-1.80413284
-0.91266502
-0.8342333
-0.07797622
0.92525144
1.63151667
1.0643376
0.60777009
0.44326909
-0.55462965
-1.6528795
-1.72522992
-1.7188399
-2.01197882
-0.99254176
0.22238549
1.67131055
1.04487059
0.82458772
1.32476976
0.2164851
-0.34704423
-1.1864309
-1.31757174
-1.828163
-1.43356077
-0.86223984
0.03991818
0.92949326
1.14606058
0.94838173
0.80251791
0.33842644
-0.94342291
-1.24220959
-1.26803553
-2.26084241
-1.69595561
-0.71600156
-0.62332434
0.28218274
1.27014747
0.71691779
0.38082311
0.20281318
-0.21074846
-0.64942053
-1.44115785
-1.49201476
-1.31685084
-0.66540737
-0.14021382
0.21140576
0.55354761
0.7906522
0.05602967
0.28529117
-0.06050133
-0.09591681
-0.29157236
0.84914747
-1.40879095
-2.48265246
-2.61653209
-1.81659169
-0.71652802
-0.22904171
1.81665413
3.26663997
2.89350431
2.03640852
1.00245019
-0.0101116
-2.3413687
-3.44713457
-2.95216274
-2.60121356
-1.76202163
-0.33859378
1.72958049
3.11714889
2.79165511
2.40714259
1.54842257
0.66008769
-1.82258508
-2.90512029
-2.94998988
-3.31367517
-2.21019583
-1.00384873
1.40027207
2.84278143
2.78848619
3.41125703
2.41432574
0.97225147
-1.275657
-2.83109462
-2.83631196
-2.89288242
-2.86284871
-1.02573439
0.74405637
2.64612041
3.0433316
3.07349313
2.282637
0.26134639
-1.31514885
-2.16969428
-3.31932855
-3.14442481
-2.15081654
-0.91556856
1.22776944
2.15746059
2.85188619
2.84581946
1.61092564
0.85225918
-1.1927254
-2.83398022
-3.07876353
-2.97063247
-1.97454612
-0.66001653
0.26834102
1.49316644
2.39600776
2.30783931
1.92320935
1.20485672
-0.92069924
-2.71093739
-2.91144319
-2.29140873
-1.89373506
-1.69464363
0.6458235
1.82490802
1.65811238
1.95946957
1.94115168
1.06522364
-1.30859493
-2.33766387
-2.41595749
-2.9506342
-2.60210355
-1.48284555
0.32340469
1.46280806
2.1458831
2.57037086
2.47790995
0.98556979
-1.26986471
-1.60068711
0.1927016
-0.46522793
-1.95283298
-2.14829295
-1.44326401
-0.98216726
-1.0995347
0.40662592
1.36897997
1.63395238
1.79252014
1.3657686
0.75558774
0.02964246
-1.38483936
-1.6757397
-1.87644377
-1.91249929
-1.09842332
-0.3375689
1.02499771
1.57958597
1.58581908
1.74249076
0.87177136
0.33741175
-0.45150931
-1.65378158
-1.95008699
-1.90558181
-1.12598843
-0.5324622
0.79627609
1.44759401
1.69006696
1.26829092
1.04451471
0.27913709
-0.91837857
-2.11511631
-2.22185057
-1.70164681
-1.96277363
-1.115897
0.65436145
1.95739187
1.69341719
1.48276522
1.25791245
0.5162277
-1.08658425
-1.48668537
-1.70222232
-1.66669126
-1.40330765
-0.63106858
1.01061753
0.87648453
1.23845058
1.42472371
1.1121886
0.23043194
-0.90607073
-1.40871129
-1.61066164
-1.28452687
-1.37960058
-0.63069959
0.84460644
0.81300367
1.49548246
1.53633257
0.93709372
0.28860652
-0.47749387
-1.68101549
-1.48952838
-1.57757677
-1.12111105
-0.70699408
-0.10724932
0.98563954
1.50921024
1.51266028
1.16008005
0.7171614
-0.21378726
-1.3586083
-1.582035
-1.40488677
-0.74951168
-0.86255915
-0.38181761
0.92306023
1.65374187
1.89245943
1.38594952
0.17235832
-0.32902568
-1.00036156
0.49202189
0.05751868
-1.66740196
-1.85308379
-1.88160457
-0.91171507
-1.51036065
-0.63452452
0.85719963
1.76913479
1.62280472
1.19153776
1.06737797
0.15965365
-1.51297095
-1.64770716
-1.55015531
-1.90664093
-1.55104691
-0.57892347
0.78379452
1.16809916
1.23408088
1.55317636
1.73540186
0.74518394
-0.60186106
-1.34303395
-1.50627399
-1.57600526
-1.76003767
-0.85958868
0.52541738
1.14395866
1.22076856
2.18088568
1.55397446
1.24358804
-0.48942828
-1.40793471
-1.95454462
-1.76519885
-1.43420623
-1.08730782
-0.1543824
1.28748285
2.05053701
2.15220036
1.26127626
1.13009105
-0.45939903
-1.57810401
-2.18696772
-1.6097233
-1.34920103
-0.83472017
0.37652685
1.12936063
1.4619187
1.46674326
1.31454596
0.90147098
-0.55751951
-1.46262261
-1.9177001
-1.49248685
-1.76679999
-1.30959961
-0.06129516
0.92046352
1.33562046
1.19613837
1.53228172
1.01223923
-0.64792093
-0.92179316
-1.57542607
-1.33471346
-1.98444666
-1.24932842
-0.25094523
1.27027967
1.05191715
1.67739079
1.25228985
0.77678746
0.05207451
-0.3630212
-1.26865937
-1.72372434
-1.60105343
-1.30516019
-0.41137393
0.26684088
0.91949847
2.04907229
1.43458689
0.61102263
0.79121881
0.05078823
0.76032952
0.76528864
-1.31933145
-1.81393096
-2.14378729
-1.42176689
-0.82753171
0.12046723
1.08765254
1.806451
2.32078689
1.51658459
1.08608018
0.48288179
-0.89617732
-1.63893378
-2.22655475
-1.60702827
-1.60862551
-0.74318494
0.73366092
1.81602328
2.0418542
1.76152628
1.43368895
0.71169062
-1.07968101
-1.88359571
-1.67673559
-2.31306685
-2.06726858
-1.04876949
0.55922508
1.59012064
1.94465346
1.89145598
1.94983621
0.81122858
-0.43560007
-1.79433059
-1.71108885
-2.18688909
-1.95007065
-0.93353604
0.27637107
1.47285846
1.79074025
1.74501554
1.64546884
0.76815219
-0.08354373
-1.55307148
-1.61814835
-1.84062468
-1.83062412
-0.9877724
0.32748198
0.83663177
1.76579364
2.10452635
1.93531687
0.92207163
0.03593271
-0.78740844
-1.96771875
-1.94811409
-1.05311858
-0.54413463
-0.01945524
0.58648021
2.00773174
2.12893036
1.80621459
0.98215027
-0.06731276
-0.61848613
-1.6883336
-1.928717
-1.59246554
-1.05245957
0.04618209
0.93953583
1.51831034
1.67946865
1.75690098
1.34032336
0.1196295
-1.71872154
-1.64830267
-1.79320141
-1.65526878
-1.30755695
-0.5204459
1.18943143
1.04462254
1.58758418
2.238942
1.21607079
-0.05251717
-0.82581225
0.99723307
0.12773717
-2.11509889
-2.05924943
-2.03685652
-1.77768653
-1.69482274
-0.14974216
1.80228641
1.89486779
1.8384839
1.72685732
1.78269861
0.03337315
-1.34137636
-1.71952165
-2.34374074
-2.26632321
-1.53007838
-0.73555997
1.28783925
1.64743303
2.17584905
2.03460396
1.51222677
0.64735765
-0.95779839
-1.72574017
-2.10505734
-2.28259898
-1.24796643
-0.56015183
0.5155981
1.32067725
1.83245475
2.08616599
1.78036275
1.04759275
-0.70277798
-1.82954685
-2.22792349
-2.00213266
-1.6706288
-0.7914702
0.10319056
1.50685279
1.59439621
1.92433488
1.28180688
0.64706938
-0.85698193
-1.67150268
-1.56559506
-1.69475813
-1.66685754
-0.78824275
0.57285501
1.60428997
1.62261028
1.27640113
1.61365394
0.67902122
-1.01870136
-1.37928978
-1.86866603
-1.60981474
-1.69557797
-1.03176791
0.8095594
1.27550518
1.57894561
2.29584798
2.04401486
0.58315566
-0.44493483
-0.68623243
-1.84690876
-1.9851233
-1.97121695
-1.04125819
-0.19810943
1.14129335
1.42203099
1.9689675
1.74497118
0.4386801
0.29676125
-0.95469604
-1.49155756
-1.92904937
-1.08205924
-0.72475921
0.25282846
0.73902442
1.80358203
1.64746526
0.94262355
0.91787866
-0.24550473
-0.72691808
0.32366815
0.37915605
-1.58304551
-1.95557612
-1.90264598
-1.405627
-0.72644814
-0.37969836
1.33352628
1.75847804
1.95081473
1.55948107
1.58647537
0.4947853
-1.22652656
-1.79237248
-1.88572808
-1.97746128
-1.71115185
-0.73473045
1.081969
1.64914464
1.82033403
1.70385485
1.57553127
0.64251904
-0.93438097
-1.58938403
-1.51842527
-2.0989214
-2.16140291
-0.77316793
0.90226934
1.33357127
2.02618105
1.97938463
1.77108209
0.79266731
-0.31971905
-1.56719479
-1.63314899
-1.77784112
-1.76932482
-0.63802876
-0.00494261
1.27069034
1.84448171
1.92932575
1.41469268
0.17804481
0.01312998
-1.27146294
-2.19019993
-2.1307941
-1.79892671
-0.52522013
0.38076383
0.97292798
1.55753277
1.68508639
1.53600367
0.54754827
-0.55099002
-1.68176245
-1.804591
-1.43722305
-1.27783886
-0.87443658
0.22148674
1.1763507
1.74061868
1.33232793
1.24119143
0.94402857
-0.15822026
-1.33978243
-1.5762323
-1.63231088
-1.77187846
-1.23373469
0.05431866
1.7634956
0.88775173
1.65520343
1.16466952
0.53862105
-0.08348518
-1.25374696
-1.02071112
-1.68118578
-1.83022602
-0.49248301
0.75901057
0.93417759
1.34520244
2.19330626
1.88182865
0.60999091
0.07372432
-0.33627022
1.10390395
0.14718054
-1.34583314
-1.6699612
-2.18623247
-1.55548013
-1.41087749
-0.2352125
1.30701118
1.81321932
2.20289385
1.92400775
1.48455013
-0.0815628
-0.81503838
-1.8264755
-2.26484592
-1.96142537
-1.45283485
-0.61390317
0.56322614
1.86415797
2.16128188
1.88001731
1.35162675
0.95269961
-0.75468687
-1.50386073
-1.91169343
-1.74174219
-1.36760125
-1.00986069
0.28426283
1.49917273
1.69503146
1.9912063
1.61491893
0.77892876
-0.28888166
-1.95072416
-1.8834643
-2.02298053
-2.29407551
-1.0230691
0.12730223
1.40052847
1.39349264
2.10765491
2.27501182
1.39754085
-0.37598617
-1.06358561
-1.70203782
-2.13655203
-2.18739048
-1.33038155
0.37628843
0.98194833
2.04971473
2.16238652
1.88289868
0.63305881
-0.01202462
-0.81800051
-1.61037329
-2.1203112
-1.62937253
-0.62546012
0.00681373
1.29165679
1.68933791
2.0032893
1.54598874
0.94398786
0.38624851
-1.008901
-1.45079223
-1.62499981
-1.2448284
-1.17172672
-0.18665956
0.59596286
1.07609148
1.51119467
0.93202118
0.86495316
0.3699697
-1.08576544
-1.32367718
-1.65945938
-1.6847904
-1.06838114
-0.35525747
0.80646392
1.68505143
1.13525181
1.3955769
1.37839875
0.04654144
-0.66355872
0.38932829
0.57881193
-1.65271646
-2.04846796
-1.59257841
-1.51200889
-1.43999463
-0.04153299
1.75906718
2.05472052
2.12992165
1.96391146
1.79819568
0.08808454
-1.26339201
-1.79722956
-1.98989455
-1.9476207
-1.76735477
-0.57316314
0.97435721
1.85085688
2.26027565
2.09576775
1.44456469
0.66293666
-0.92462405
-1.58768663
-2.05911097
-2.05496281
-1.65741437
-0.63750375
0.68983313
1.74280649
2.03762115
2.00954893
1.23709773
0.62079138
-0.51498824
-1.43625264
-2.24480393
-1.97140535
-1.44926772
-0.67641862
0.11639016
1.22318708
1.88430564
1.82883994
1.45335355
1.11236317
-0.18727208
-1.9317679
-2.00684158
-1.55703582
-1.28938956
-0.75039542
0.05846713
1.15738513
1.64997003
1.21123083
1.2742338
0.77627873
-0.98574579
-1.22017294
-1.76017476
-1.49740295
-1.57341866
-1.04388885
0.93939391
0.93993509
1.52135597
1.34020899
1.48342612
0.98805477
-1.00503611
-0.88046765
-1.39540873
-1.34631285
-1.88855097
-1.69562784
0.13964749
0.81814161
1.28535225
1.75624401
1.63096881
0.67758597
-0.17664355
-0.89183182
-1.53457873
-2.01312727
-1.81050819
-0.6119299
0.06664815
0.72957685
1.62703163
2.20942006
2.01423476
0.61836399
-0.00243005
-0.56401698
0.11046919
0.39059735
-1.24770855
-1.91564531
-2.20459994
-0.85730095
-0.67037749
0.12035321
0.86334283
1.83776401
2.12740894
1.37477608
1.06126017
0.52413853
-1.19863036
-1.85271755
-2.27014637
-1.58722137
-1.68867421
-0.90503719
1.06412592
1.66354871
1.82276911
1.27424793
1.57521213
0.83655969
-1.07455395
-1.59885288
-1.76849579
-2.14174399
-1.95877747
-1.15232038
0.79671824
1.51896673
1.52785577
1.69158457
1.65741422
1.11612463
-0.71545065
-1.24478681
-1.84349979
-1.83071681
-1.55122603
-0.31761991
0.2482157
1.03201173
1.82526594
1.96461033
1.80853435
0.80255627
-0.45258885
-0.91112012
-1.71850248
-2.20687919
-1.59279137
-0.75185145
0.18739627
1.53282433
1.86007243
1.92178376
1.47285595
0.9052335
-0.7666058
-1.36009976
-1.95336936
-1.73518263
-1.29588532
-0.23129386
0.12532952
0.78913503
1.86041964
1.59985191
1.38042071
1.28255158
-0.04700983
-1.81924306
-1.55509874
-1.7752636
-1.37796488
-1.60589973
0.30160506
0.86827475
1.58109749
1.43117974
2.34503498
2.26124992
-0.54638692
-1.69687975
-1.957007
-1.441113
-1.28382431
-0.66586509
0.16564907
1.02797108
0.95138918
1.49844406
2.28649255
1.25859204
-0.22411358
-0.81559841
1.87428825
0.53484912
-1.20026903
-1.27049733
-1.22688583
-1.63845407
-1.77994223
-0.61668061
0.54911714
1.23177282
1.58403983
1.58590424
1.41273086
0.52343861
-0.24174388
-0.63687512
-1.4268906
-2.0545422
-2.05312085
-1.94239323
0.17738559
1.0445391
1.29143495
1.78815023
1.47860212
1.23414267
0.20942176
-0.49624846
-1.06792571
-1.98800654
-1.81669319
-1.59994041
-0.56511002
0.63051341
1.45162496
1.32205932
1.96414833
1.66585498
0.77473107
-1.05317505
-1.58302594
-1.30236251
-1.46543411
-1.08819874
-0.26665134
0.65681946
1.02459209
1.45466912
2.09351244
2.17569276
-0.24522481
-1.14948395
-1.16267385
-1.45149376
-1.52246129
-1.15323324
0.11163821
0.7214014
0.93728249
1.38994844
1.9210299
1.49860911
0.21660062
-0.54892979
-1.21539548
-1.60098613
-1.54553046
-1.68632747
-0.78333888
0.21745483
0.8767623
1.72938165
1.67139732
0.73867364
0.48944598
-0.12201657
-0.75536134
-1.76262021
-1.15280103
-1.73795547
-0.98829718
-0.23773169
0.93930451
1.0663044
1.13187653
0.82305581
0.36347609
-0.38712277
-0.96355789
-1.48209154
-1.61914693
-1.31761536
-0.74484231
0.5417276
0.96751842
1.27614619
1.20818414
1.59361594
1.43921531
-1.02932044
-2.75226394
-0.36269955
-2.1170437
0.01960028
-0.06571807
0.82591883
0.93596129
-0.12300358
1.84085091
0.8451644
-0.75779575
-0.28253635
-0.56134898
-0.79821294
-0.50594846
-1.0248109
0.00809299
-0.02863488
0.24644673
0.62246677
0.5045541
1.19815235
-0.50322989
-0.14842184
-0.33795213
-0.72828566
-0.48281156
-1.04422394
0.52641751
-0.22279839
0.72877814
0.24007045
0.03306841
-0.3359449
-0.23642331
-0.16491775
-0.68935887
-0.89677328
-0.40026574
0.09341694
0.64916533
-0.01165007
0.40639549
0.74232155
0.1485101
-0.25799927
0.07131601
-0.08633174
-0.82451863
-0.01458124
-0.17866864
0.13797009
0.45054635
0.86548161
0.60895104
-0.27564299
0.14761025
0.8933593
-0.53495734
-0.19581293
-0.78947773
-0.11785675
0.45778106
-0.20353431
-0.02924735
0.67561045
0.77635418
-0.2936569
-0.1992454
-0.14309466
0.01638418
-0.51916207
-0.5731163
-0.03527807
-0.50055651
-0.56675253
0.62063067
0.73395802
-0.39867531
-0.09761393
0.69447435
0.33215374
-0.60072867
-0.33134959
-0.22914736
0.12506849
0.09623698
0.0895198
1.04545657
-0.58787021
0.03565128
0.20123241
-0.38463589
0.11862481
-0.91532522
0.10426938
-0.04343032
-0.71505702
-0.0401561
0.95071126
1.94485883
1.63021417
1.53126613
0.56563425
-1.18218425
-1.86532731
-2.21313595
-2.03697256
-1.95602132
-0.08966028
1.19218999
3.2398462
2.80605396
3.79123749
2.4891015
0.19787609
-0.96779816
-2.49825866
-3.07985387
-4.08160206
-1.83341753
0.1080858
2.047879
1.83915548
2.18191718
2.49465991
1.96635154
0.51425662
-0.69345009
-1.23963364
-2.00155119
-2.43244488
-1.80488927
-1.01649755
0.45891585
1.24158424
2.28823011
2.17991087
1.43359669
0.81173939
-0.57743378
-1.58749012
-2.57203925
-2.94796166
-2.21016942
-0.98976769
-0.83005148
2.54903605
2.41095997
1.98752149
1.42628292
1.22416715
-0.02041693
-2.23128256
-2.75262997
-2.00374251
-0.80582819
-1.00703632
-0.03549302
1.49931868
2.57078552
1.73417943
1.48481868
0.50112758
-0.51483857
-1.34360677
-1.88089294
-1.59102435
-2.39984112
-1.83075126
0.69087868
1.54494377
1.51267438
2.30400996
2.13145845
1.43146807
-0.63896923
-0.97395466
-1.70230112
-3.10709903
-2.42177929
-0.74281764
0.33808046
0.70984799
1.31006156
2.32058901
2.56949424
0.57601459
-0.48756783
-0.36271841
-1.03139642
-1.85815667
-1.51807855
-1.40460008
-0.09561626
0.43862424
1.66068817
2.21163157
1.04093258
0.80126381
0.49621564
-0.18780135
-2.49806761
-1.70610572
-1.91964449
-1.29714806
-0.80133156
0.80853725
2.43606503
2.1364675
1.08660982
1.25555362
1.19216717
-0.54298739
-2.02108566
-1.4555264
-1.1880326
-1.08048293
-0.90148436
0.66909217
1.89004824
1.84381259
1.19299363
0.82438796
-0.59760625
-0.83134154
-1.81286978
-1.2559317
-1.98485107
-1.06764348
-0.39563407
0.86045768
-0.11193156
1.43928453
1.70926741
0.78985762
0.69535573
-0.35761899
-1.28696362
-2.61973366
-1.91609728
-0.02491848
0.52308337
0.53201936
0.8056596
0.90345549
1.53706362
0.61808386
-0.07177291
-0.51369171
-0.76345629
-1.07147202
-0.79942934
-0.76829788
-0.45245727
-0.02657905
0.92510431
1.75320661
1.17352505
0.24505625
0.15575284
-0.03664189
-1.40249032
-1.96724116
-0.08811279
-0.71094523
-0.84819701
0.14492285
0.95374446
0.64733242
0.64235454
0.18340073
0.34884373
-0.11737997
-1.23784748
-0.99708569
-0.17226129
-0.09354387
-0.45613038
0.33150948
1.00470254
0.31417565
0.64851037
1.39496845
0.5482134
-0.5055059
-1.0009103
-0.56453112
-0.86012475
-0.89489025
0.64375181
0.93329364
-0.14152759
0.46718274
1.16346881
1.21399614
-0.23694804
-0.4181332
-0.0146523
-0.48697786
-1.85080565
-1.05498746
0.35102401
-0.22427438
-0.79978278
0.97841687
1.45141616
0.28207002
-0.31883155
-0.69655005
-0.28254136
-0.58763738
-0.89596614
-0.30367812
-0.37437569
0.24967372
0.31184258
1.06877215
0.6166622
-0.16157015
0.05118453
0.79371851
-0.0739028
-0.56811575
-0.57175086
-0.17399117
-0.24802937
0.52572128
0.98688255
0.39306917
0.65283456
0.51536958
0.34120954
-0.54890192
-1.17796386
0.18662945
0.11881726
-0.63603066
-0.34957397
0.50640475
0.97524862
0.51023475
0.51312853
0.92665586
0.03314929
-0.21988161
-0.67670588
-0.61484501
-0.75748574
-1.02917259
-0.17399936
0.38918027
0.57305973
-0.25091771
0.94703142
-0.04111057
-0.17945768
-0.60893582
0.17185417
-0.60201446
-1.2879745
-0.48610636
-0.07082913
0.03625198
-0.84482324
0.174311
1.1704993
-0.01426663
-0.84165571
-0.05692344
0.21276881
-0.15357175
-0.91014657
0.53084246
0.11104778
-0.57614238
-0.54894164
0.34292012
0.58429018
-0.12187043
0.51033069
-0.1950225
0.28936831
-0.27563595
-0.2898842
0.14671041
-0.29520163
0.18352689
0.5114503
0.52659497
0.59341757
0.8145018
0.69123439
0.11936219
-0.46557695
-0.1037412
0.16788317
-0.63189636
-0.30059075
-0.11912434
0.79236942
-0.29171785
-0.1822853
0.2824508
0.04818888
-0.28722052
-0.14983607
0.44933083
-0.18238874
0.11001018
0.42525601
0.25112947
-0.21766582
-0.2997287
-0.53406007
0.02343965
-0.32043965
-0.61180416
-0.37034974
-0.65455328
-0.86814535
-0.46798531
-0.59731901
-0.590924
-0.50891052
0.15466629
0.0172174
-0.55214602
-0.31685004
0.45366252
0.23840289
-0.15040979
-0.69776517
-0.34140665
0.4928316
-0.46239316
0.29870139
0.23414771
0.04066792
-0.20284032
0.13623151
0.06388675
-0.1496064
0.06775627
-0.40216781
-0.28330465
-0.00091459
0.3481492
0.3512777
0.41460294
-0.2713592
0.25646406
0.52423355
0.53839453
-0.19467922
0.18507174
0.10089567
-0.24601328
-0.2305033
0.0345213
0.50978065
-0.34553001
-0.40307976
-0.49408363
-0.14152217
-0.20470228
-0.28429736
-0.07577157
-0.00378956
-0.28827969
-0.31518822
0.02250654
-0.18399825
-0.31165064
-0.11875178
-0.09888914
-0.2705131
0.04284363
-0.19598572
-0.37953179
-0.71451453
-0.22897006
-0.23447282
0.2016895
-0.51552166
0.5037119
0.69188289
-0.63061718
0.59872229
-0.0892519
-0.4000158
-0.44628545
-0.98611474
-0.1590448
0.04587931
-0.26630355
0.268602
0.551877
0.08848227
0.08524662
0.13058203
0.54259401
-0.11346158
0.02562005
0.07124054
0.25038201
-0.09441455
-0.42975976
0.4427131
0.28466608
-0.02909786
0.08558144
0.58171067
0.12673763
-0.14236146
-0.51678987
0.10888069
-0.50525065
0.04054616
-0.17800383
0.02438303
0.32055906
-0.39040576
0.19995075
0.10054307
-0.27289944
0.06196206
-0.239407
-0.389945
-0.60888623
-0.16831691
0.17465658
0.00577404
-0.19815235
-0.18827512
0.34795455
0.05556753
-0.03013175
0.26705919
0.31749187
-0.22235893
-0.24419316
0.39082005
0.19035161
-0.95685186
-0.34886709
-0.56687548
-1.12772255
0.51472616
0.46017058
0.97498097
0.18553397
-0.33778454
0.18188987
-0.53818616
-0.09593831
-0.45345956
-0.09522009
0.24328493
0.23843646
0.34826444
0.57767608
0.07602486
0.22566429
-0.35046457
0.02209315
-0.45293441
-0.27209153
-0.04359939
0.16482401
0.09328842
-0.03377379
0.75930094
0.67176612
-0.31221302
-0.82743648
-0.34206447
-0.51411249
-0.4676696
-1.36351039
0.1523351
0.8295109
-0.4628703
0.00337671
0.52986734
0.54090007
-0.00315384
0.08810333
-0.15159119
-0.79988961
0.03787358
0.34557013
-0.25936718
-0.23406175
0.23020853
0.51257575
0.38315562
0.06662274
0.23380446
-0.0720795
-0.35629257
-1.09914635
-0.08197787
-0.49542397
-0.43551576
-0.16242894
0.05596802
-0.05324443
-0.68426455
0.15850016
0.04347086
0.46454899
-0.92797029
0.14522451
-0.47975966
-0.49786005
-0.07565125
0.170323
0.2894878
-0.10490039
0.17331522
0.64885731
0.56909004
-0.05390485
-0.27521559
0.02295855
0.17601321
-0.47294554
-0.17257067
-0.61245593
0.14997894
0.21087994
0.7813387
0.23194788
0.22044121
0.89287059
0.18755129
-0.45330728
-0.53323346
-0.24425716
-0.45673131
-0.75816046
-0.53719857
-0.16687318
-1.02692806
-0.25496117
0.22294887
0.10320278
-0.31064632
-0.04292203
-0.50019422
-0.30405119
-0.42257659
-0.13634175
-0.060183
0.19132759
0.35407833
0.16296276
0.38007455
-0.05133536
-0.36905295
-0.47687543
0.03823458
-0.33816172
-0.65062861
-0.05104236
-0.28390203
-0.19741567
-0.21470884
-0.16365309
0.11169002
-0.10646479
-0.00492196
-0.38542197
-0.08790271
-0.11024927
-0.26575208
0.41050953
-0.04082649
-0.69972125
-0.3286288
0.31227224
0.12877144
-0.53771533
-0.29170623
-0.51722735
-0.35353637
-0.18743522
0.04923665
-0.25490151
-0.28883178
-0.02016114
-0.17957338
0.05983092
0.08725135
-0.20156623
0.47236783
-0.25556747
-0.16518522
-1.11431904
0.22155638
-0.16979495
-0.50263239
-0.16091557
-0.90727951
-0.08371302
0.08319797
0.01041108
0.44810793
-0.50032198
-0.5105509
0.12740759
0.16276137
-0.31056678
-0.48868574
0.31910653
0.39990122
-0.54140177
-0.57286064
-0.62634919
0.41508828
-0.59098312
-0.8221518
0.00020709
-0.96221605
-0.37498099
-0.1214356
0.88940077
-0.47671859
-1.07745804
-0.0418182
1.11319554
0.03460318
-0.19953557
0.34196787
0.26834027
-0.10813156
0.56509918
0.64417505
-0.01625616
-0.55879417
0.1780896
0.54912538
-0.61076867
-0.83884601
0.34782946
0.20729583
-0.33755697
0.02017763
0.02879912
-0.55862404
-0.56238914
-0.23832453
0.75574077
-0.16687525
-0.0983722
-0.25896628
-0.27452942
-0.27090786
-0.16848497
0.89985606
0.16804409
-0.03291416
-0.26962516
-0.36707606
-0.14212732
-0.29101558
-0.66798564
0.18728022
-0.60377451
-0.48753733
0.17737302
0.25365629
0.09838783
0.0128653
0.07983088
-0.86657579
-0.83531069
-0.76186206
-0.48415461
-0.49910418
-0.42033693
-0.13912454
0.13815801
0.09419329
0.22218124
0.07541803
0.01906192
-0.12845004
-0.70083696
-0.34562894
-0.28020033
-0.82274164
-0.56559117
0.13892013
0.76398462
-0.14451395
0.0326729
-0.49724758
-0.59873224
-0.77006945
0.3936533
0.01545016
-0.30996284
0.11370598
-0.31779772
0.18873654
-0.19638173
-0.20128486
-0.2180408
0.11158397
-0.05042155
-0.56072454
0.54477552
0.26353534
-0.30740361
0.36185374
0.1374648
-0.18436804
-0.12386177
-0.07680055
-0.5393039
0.33308935
-0.81439528
-0.12375694
0.29514571
-0.35348579
-0.49278431
0.28202043
-0.2090221
-0.52301269
0.13372127
-0.11175059
-0.32326184
-0.32561104
-0.04120662
0.29415857
0.16005104
0.18094683
0.19215516
-0.60402208
-0.33140668
-0.30272299
0.14715183
-0.19584269
0.23856992
0.33369185
0.70571365
-0.18916633
-0.04760703
-0.57146222
-0.6803218
-0.95131334
-0.34019422
-0.51721037
-0.39844421
0.080766
0.11940259
-0.06265736
0.42114893
-0.13784777
-0.51037003
0.32967334
0.18203675
-0.25341813
0.35138164
0.50706542
0.83762308
-0.10541994
0.1788615
-0.2451958
-0.25375936
-0.77577049
-0.01994639
0.07999449
-0.6989454
-0.24383976
-0.01544785
0.06708458
-0.53925348
-0.10466266
0.19538948
0.37622118
0.0235766
0.56864518
-0.07721606
-0.39964157
-0.30118596
0.46882163
-0.37581693
-1.0375972
-0.07098982
0.16157441
0.33373119
-0.35353943
-0.26941742
-0.22606104
0.70685263
0.04198328
-0.3808488
-0.03831017
-0.25251533
-0.19090997
-0.4006944
-0.79530703
0.05194496
-0.18069602
0.14236654
-0.51807295
-0.4823777
-0.08651841
0.04109548
0.06468805
-0.38927622
-0.15029065
-0.03095923
0.14659912
-0.34162508
0.0323053
-0.4048037
-1.38766998
-0.14184123
-0.05894979
0.35424716
-0.81501454
0.10923185
0.10177691
-0.16082546
-1.10912489
-0.33767544
-0.0491852
0.23949484
-0.51207553
-0.14073825
0.1608411
0.48040079
-0.11088606
-0.08596165
0.04168193
0.20991033
-0.22686292
0.12789948
-0.29397322
-0.30084446
-0.30494638
0.06623174
0.03230875
0.04402392
0.16275579
0.23101332
0.79240964
0.42287376
0.11970427
0.06031546
-0.3517961
0.01030702
0.08125585
-0.1456434
-0.27552404
0.27466066
0.66403345
0.47869749
-0.31934137
0.67678673
-0.03506369
-0.39131064
-0.19282712
-0.00448764
-0.06879249
-0.43364376
-0.0318954
0.19779371
0.28231744
0.15341829
0.35032447
0.21683717
-0.08033325
0.03466888
0.0336853
-0.25533112
-0.22072546
-0.13279944
-0.24371643
-0.15777325
-0.13083811
0.99789841
0.67694891
0.76775637
0.35978726
0.08487194
0.29773352
0.15667113
-0.11695531
-0.34491893
-0.18343839
0.2719772
0.14962996
0.38464528
0.31111246
0.21405262
0.18861023
0.18158955
-0.057885
-0.1240082
-0.32101272
0.01095491
-0.13944288
0.05341547
0.26397803
0.04057052
0.36279505
0.43164617
0.68257323
0.02734624
-0.38473848
-1.09714674
-0.33028271
-1.21907216
-0.64432535
-0.32332729
0.90702415
0.72974673
-0.02194401
0.23396212
-0.36506817
-0.33985852
-0.17871145
-0.01053013
-0.38224722
-0.34499582
0.08339949
0.28766693
-0.18929647
-0.11774337
-0.24130406
0.51095829
0.01296252
0.03608432
-0.37264775
-0.08825999
-0.46734392
-0.68393508
0.00273375
0.4000622
-0.17552965
0.45301485
0.2835963
0.67914527
-0.75076072
-0.77680338
-0.30725499
-0.43331137
-0.18350538
0.47340529
-0.16887869
-0.3170505
-0.34995816
0.13754335
-0.02182535
0.1696416
-0.37465694
0.02284316
-0.08798685
-0.01348083
-0.03697722
-0.32457522
0.36549254
0.18458963
-0.05911952
0.38999621
0.08493151
-0.15949305
0.15502453
0.16906246
0.24604898
-0.56307302
-0.50977036
-0.68104347
-1.17817257
-0.14909872
-0.15689036
0.53984488
-0.71048141
0.89150044
0.65585473
0.02411127
0.10617335
0.02361004
-0.24328477
-0.31875725
-0.59638398
0.0356575
-0.25632638
-0.27242849
-0.07394212
0.20700541
0.35930443
-0.06681635
-0.13617965
-0.23513818
0.227929
-0.2543948
-0.33787275
-0.00765952
-0.67901731
0.56102541
-0.10936167
0.36172516
-0.43634101
0.30301599
0.56024094
0.26100059
-0.47535076
0.27012762
-0.28337144
-0.51885291
-0.65234731
-0.0477512
-0.47464737
-0.13501483
-0.00452089
0.30774254
0.29442075
-0.27974437
-0.50220615
-0.06187687
-0.1313988
-0.47423354
-0.36102895
-0.29153278
-0.08169498
0.10246662
-0.44458052
0.10735548
-0.15225132
0.06742852
-1.14253399
0.03094189
-0.19966618
-0.67378881
0.21820401
-0.43683008
-0.54851085
0.70382407
-0.73770584
0.35094522
0.0474359
-0.3238654
-0.2076331
-0.03872231
-0.02171025
-0.11644203
0.0711293
-0.01337824
-0.39795392
-0.08352466
-0.11327018
-0.35547356
-0.73789524
