0.
0.
0.
0.09082419
-0.27504351
0.45028089
0.10215496
-0.05838493
0.49522137
1.43669271
1.31115385
0.54800653
0.55810309
0.65172838
-0.24036291
0.37344692
1.15029662
0.78941062
0.48812772
0.19881073
0.57802134
0.83156288
0.97412761
0.73650055
0.85000913
0.55962654
0.75872394
0.45535861
1.2514635
0.26361451
1.23554116
0.71883446
0.33471736
0.3769382
-0.06347021
1.05672701
0.84717151
0.24011864
0.2871917
0.94011426
1.52024016
1.18371334
0.07646429
0.2112795
0.38162846
0.45880114
0.11925954
0.40746955
1.01586283
0.82607243
0.2553337
1.44203812
1.11665779
0.80799532
0.55880536
0.85846597
0.24604192
0.02599759
0.24007612
1.12461829
1.46444065
1.51478609
0.66071119
2.05805325
1.10944857
0.62696139
0.35160238
0.69439327
0.56290476
1.52925353
0.40941263
0.8648764
0.49443091
0.52864392
0.14293413
-0.33835482
0.58647679
1.08197517
0.82245974
0.22669355
0.77759495
0.9575989
0.72477542
0.53907314
1.16416382
0.89043054
0.06131759
-0.11986425
1.10885401
1.0044946
0.78814206
0.91607131
-0.05316022
0.89933878
0.10033723
0.82917336
0.5835985
0.65101735
1.17926942
0.74830718
0.25295057
0.69453601
1.04975821
0.31285807
0.01260646
0.98345103
0.08905331
0.46469473
-0.29586427
0.61154137
0.57915613
-0.3154446
0.2473924
0.15339358
0.45259325
0.86719998
0.29763497
-0.52884596
0.63341399
0.29825805
0.23962044
0.1119997
0.50212186
-0.47597439
-0.13496842
-0.06701745
0.05437288
-0.62778825
-0.56984474
0.92035144
0.34030239
0.23326664
-0.18628178
0.74755927
0.5146453
0.26684868
0.75843017
-0.0515442
-0.19837285
-0.27251621
-0.29581753
-0.3197234
-0.08282505
-0.37388077
0.23055379
0.50829214
0.41456285
0.63423137
0.38834802
-0.18446239
-0.22416535
-0.48904092
-0.19760873
-0.71590009
-0.31924613
0.87707125
0.45603604
0.6959305
0.11437039
-0.67433177
0.33494837
0.16785343
-0.41396053
0.55095496
0.20705177
-0.2561917
-0.37475169
0.57486051
-0.10097845
-1.00894509
-0.00876817
0.60327248
-0.0700529
-0.46276598
0.00013188
-0.129599
-0.26809621
-0.19139375
0.02153068
0.77798099
-0.11820442
0.00703267
-0.21199435
-0.33569216
-0.53649694
-0.35365471
-0.43846337
0.13039154
0.27324429
0.10566227
-0.64795386
0.38757778
-0.21772785
-0.21684989
-0.59863823
-0.72763397
-0.11395657
-0.41141858
0.0018896
-0.3192614
0.5820349
1.07735736
0.23477494
-0.05857027
0.13326214
0.28018881
-0.48930608
-0.68970417
0.27453236
-0.50270948
-1.26975766
-0.75951488
-0.59571814
0.49641652
-0.5581982
0.26434473
0.14603387
-0.77478064
-0.11751117
-0.31567505
0.13946737
0.12376366
-0.21684153
-0.11386033
0.17084994
-0.23101147
0.62409521
-0.48520176
-0.26364422
-0.349723
-0.31634473
0.55525111
-0.74843192
-1.16434128
-0.85245968
0.17217734
-0.12584641
-1.07669667
-0.30474145
0.44647827
0.17111304
0.09936042
-1.29511412
-0.34355461
-0.38177216
-0.70824422
-0.35702106
-0.86992363
-0.37046467
-0.51320771
0.28773786
0.8090067
-0.92556614
-0.21463203
0.07243464
-0.28246306
-1.02141156
-0.54731042
0.64550895
0.30363001
-0.26298548
-0.01107249
-0.35315386
0.62424019
-0.29907029
-0.98363333
-0.85179633
-0.86823529
-0.71561039
0.31164848
0.00671293
-0.33198578
0.2860841
-0.03668077
0.62282302
-0.76044117
-0.38124626
-0.7441536
-0.46981544
0.11595193
-0.12032669
-0.05313428
0.34354229
-0.08287676
-1.36533617
-0.75214219
-0.27909659
-0.2143399
-0.41151649
0.76318776
0.81999253
-0.07683011
-0.68049671
-0.47288294
-0.02692061
-0.59767019
-0.7012176
-0.49517567
0.11655682
-0.03658114
0.19740536
0.59317189
0.44305385
-0.28097445
-0.31410667
-0.27955866
0.62830592
0.05866415
0.18108513
0.79453664
1.07872102
-0.0799001
0.01000055
-0.74014452
-0.66038703
-0.4131793
-0.58121311
0.23773239
0.28378566
0.08845645
0.65852656
0.6476802
0.24721878
-0.01198744
0.52088388
-0.61912677
0.11402841
-0.14899162
-0.17996362
0.62286857
0.938453
0.91177182
-0.21381424
0.45399267
0.23403066
-0.67453367
-0.70400983
0.02791953
0.94502945
0.53660996
0.4043803
0.70078787
0.12783776
0.44351366
0.07768489
0.162641
0.9227919
0.52881739
0.74896458
-0.05822234
0.46313571
0.86758776
0.4716698
0.34335179
0.58839842
-0.07968813
0.51463647
-0.37356275
0.22110499
0.5335053
0.91270896
1.05474455
0.44829102
0.77090051
0.73555949
0.21487328
0.46156923
-0.00894702
1.74621832
0.70104648
0.21588604
0.55708981
0.10615155
0.51617789
0.24222561
-0.88072012
1.55588103
1.20123867
1.14785085
1.51362716
1.01704636
0.50858837
0.26057013
0.91108369
1.05833708
-0.42949153
-0.13924379
-0.08025633
0.0543987
0.84537534
0.36677296
0.99696235
1.43259287
1.32747608
0.6057177
-0.21352788
0.59368586
0.10905301
0.66927077
-0.0229502
1.06824364
0.90507309
0.87219933
0.73321102
1.39018855
0.88647574
0.28614168
-0.00417345
0.03475262
0.97703867
0.1592354
0.26813877
0.5004656
1.2606128
0.7223607
0.0996812
0.80911533
0.94457575
0.76443882
0.65064864
0.37850481
0.78372032
-0.13995031
0.53829864
0.64299925
0.11304265
0.47842654
0.13760326
0.58603287
-0.21995389
0.91487851
0.51318672
0.50341863
0.87607056
0.5635268
0.79467387
0.31002795
-0.47480884
0.02075588
0.83393008
1.48562077
1.07452423
1.32300488
1.09562721
1.85178417
0.61083194
0.59687505
0.43698506
-0.58022975
-0.27898697
0.37431508
0.89687811
0.40524268
0.26833483
1.26571708
0.38831907
0.267112
-0.10663875
-0.12327033
-0.04357258
0.56999179
0.57071553
0.69317168
1.7248589
1.08725655
0.43703961
-0.28375475
-0.91226285
-0.05385132
0.71493792
0.46021025
0.54794164
-0.18914016
0.46690113
0.92174908
1.2658387
1.11983158
-0.10568176
-0.4051771
-0.28106973
0.62885071
0.59515429
-0.11710409
0.80959749
1.2815872
0.41602599
0.09421821
-0.31224657
-0.82024112
-0.19301639
-0.45338922
0.44023349
0.85709612
0.6998125
0.55797036
0.62869091
0.40176945
-0.12854379
-0.47325968
-0.2233967
-0.02459361
0.1647755
0.25348411
0.59391012
0.29590184
0.90793619
-0.31684117
-0.27195467
-0.16557846
-0.42074798
-0.6067775
0.2913149
0.42502662
1.05629527
0.23202055
1.07958333
-0.04753892
-0.08062756
-0.01462507
-0.36734036
0.17545546
0.47911051
-0.47675003
-0.04012071
-0.01049007
-0.54104077
0.26572632
-0.02088146
-0.04608159
-0.36246621
-0.09770687
0.25920677
-0.2514871
0.84694223
0.30462071
0.48563182
0.30509416
-0.06642557
0.72950996
-0.10804574
-0.05910559
0.04987714
-0.60651542
-0.20888211
0.5051754
0.11243389
-0.56357235
-0.69732255
0.14270113
-0.09673612
-0.49219698
0.27830977
-0.22327876
-0.71579956
-0.30880763
-0.29747194
-0.07810065
-0.38565992
-0.30286568
0.07131443
-0.58225014
-0.48280396
-0.68161429
-0.19201209
0.34259459
0.08150128
-0.87717312
-0.32392449
-0.22311351
-0.44838354
-1.01355504
0.26186614
0.09914704
0.03248483
0.13901499
-0.63081773
0.02199704
-0.54338876
-0.57100887
-0.15707701
0.1573549
0.04134712
-1.09471692
-0.2589844
-0.22887313
-0.92482227
0.29537379
-0.30603771
-0.46122756
-0.51646782
-0.61620036
-0.34841665
-0.73798318
-0.10586886
0.24230065
-0.30707305
-0.29427646
-0.91322273
-0.73112052
0.0335127
-0.45490459
0.43995864
-0.0543272
-0.09869194
-0.34257836
-0.54255475
-0.36472761
-1.35573596
-1.19917836
-0.29621862
-0.24795397
0.48476783
-0.14639694
-0.34976457
-0.62972064
-0.57507891
0.356521
-0.2388234
0.0710608
0.21217606
-0.31550961
-0.27357546
-0.79424215
-0.4569269
-0.14466662
-1.18085191
-0.57396138
-1.26409394
-0.50317628
-0.46046943
0.35387226
0.68336154
-0.37860097
-1.07724957
-0.01028132
-0.15540423
0.02709881
-0.654848
-0.44136203
0.51803674
-0.51237514
-0.65539455
0.00270179
0.34058305
0.11970722
-0.51065593
-0.16256331
-0.83741798
-0.69816932
-0.14683696
-0.03214953
-1.09591367
-0.8188714
-0.13047487
0.20324723
-0.3452231
-0.45184911
-0.83604761
-0.49445332
-0.29352057
0.08496948
0.62958992
0.22704973
-0.66221052
-0.32302303
-0.42421723
-0.14925537
0.12329459
-0.16945654
-0.02840911
0.1414605
-0.51667304
-0.9944755
-0.26138739
0.08885695
-0.78548113
0.27135837
-0.34089016
-0.25721426
-0.00130097
-0.18940061
-0.00410306
-0.17620736
0.38234976
0.05601821
-0.72259307
-0.26646829
-0.81101375
0.33041493
-0.17565246
-0.04253563
0.25231133
-0.08754921
-0.06966365
-0.07956783
-0.16563157
0.18097839
-0.21496223
-1.04103065
0.586521
0.13462727
-0.25119195
-0.33980819
0.52760898
0.52245018
0.39391418
0.21357174
-0.57886947
-0.02110939
0.61716002
0.16826384
0.13744652
0.00162911
0.13549093
0.71281152
-0.52675758
-0.12929357
-0.25182006
0.038891
-0.59806412
0.30900411
-0.17527803
-0.19078961
-1.0833872
0.26972756
0.91391971
0.95110059
-0.37523771
0.16279998
0.8146662
0.55716079
0.2677865
-0.61394977
-0.58357503
0.06877768
-0.85544757
-0.46224919
0.60283511
0.72534975
0.60934854
0.31021034
0.70064811
-0.02569295
-0.09070882
-0.54911507
-0.00381347
-0.84193979
0.42124452
0.51341886
0.72441047
-0.27931926
0.22538471
0.15661288
0.06214343
-0.49761497
-0.52376282
0.23770328
-0.09289918
0.13759428
0.91276695
0.46700135
1.16833795
1.20410086
1.03336777
0.66461304
-0.24155563
-0.48003644
-0.23562387
0.57864942
-0.42443966
-0.0932539
0.16752448
-0.34025801
0.5863528
0.14394077
1.11413807
0.862679
0.85479109
0.63689171
0.37059277
0.29799115
0.72357797
0.17737671
0.5320603
-0.11992602
0.4826905
0.21537319
-0.01221978
0.77705625
-0.00838186
0.70946148
0.29463933
0.30397323
0.65290522
0.25286513
-0.63476158
0.18559009
0.45958018
0.96981438
0.09829734
-0.17112635
0.78293664
0.00926778
0.00618732
1.24044333
-0.18380127
0.14086303
-0.49261519
0.9116892
1.12805032
-0.67281244
1.08121989
0.95653225
0.60866311
-0.1303063
0.05703662
0.27976816
-0.24606504
-0.31333968
0.98845837
0.67307998
0.66411705
0.0748143
0.28394637
0.36071432
0.19123319
0.14933253
0.55533551
1.09107194
0.41658856
0.76996992
0.23727929
-0.38935798
-0.02253459
0.58380645
0.20591132
1.44974681
0.42020821
-0.22500919
0.473308
0.56170532
0.18851072
1.01342644
0.36523818
0.22824889
0.32640311
0.62232152
0.30275661
0.33417402
0.74266922
0.38235917
0.81394011
0.3018858
1.05879192
0.75909732
0.28370413
0.06371948
0.60225804
0.384248
0.36853712
-0.00790918
0.5791342
0.45723581
-0.10069967
0.53072175
1.0739454
1.02450202
0.07389752
0.79051279
0.35725712
0.30098628
1.04554901
0.68820621
0.33433445
0.16007782
0.04497393
0.83385246
0.18325699
0.0728353
0.84941642
0.6907016
0.4983135
-0.03676453
0.14638984
0.16579793
0.11736914
0.11717326
0.67559843
0.05289847
0.01279157
1.3290063
1.31907461
-0.0807765
0.17069144
0.14294209
0.3871745
0.25886802
-0.20731444
0.8420993
0.31054978
-0.12534365
-0.19410325
0.29128593
0.11074907
-0.22026263
0.51464416
0.11865132
0.59562422
0.40877268
0.36029251
0.23250841
0.40659865
0.98628858
0.55702284
-0.00033009
0.52778482
0.61369278
-0.21012693
-0.0983874
-0.01221948
0.38933425
0.70229713
-0.14715584
-0.41562216
0.06482431
-0.13920866
-0.00986866
-0.28683238
-0.48357492
-0.40216657
-0.10580671
0.70095491
0.59453431
0.65963887
0.61926946
-0.29282929
0.64442352
-0.21606344
-0.99173504
-0.41183911
0.1707508
-0.26594676
-0.30841837
0.08122829
0.22409577
-0.30735947
-0.62639368
-0.08983333
-0.40022213
-0.49066822
-0.39968594
0.54118893
0.08093811
-0.18605362
-0.31325411
0.36073955
-0.7030452
-0.84181335
0.12714798
0.61466219
-0.55081177
-0.24843739
-0.97832863
-0.47393185
0.10515357
-1.12372062
-0.10998645
-0.68200122
0.52652172
0.45529735
0.0399903
0.1699626
-1.01415207
-0.70952056
-0.47324424
-1.36328134
-0.62019695
-0.67454891
-0.56914658
-0.49751296
-1.00451781
0.61159214
0.22858471
-0.52970134
-0.76066569
-0.55931473
-0.53506231
-1.09076429
-0.31235997
0.16239305
-0.02292407
-0.07813859
-0.36854479
-0.69972457
-0.48633422
-0.43935064
-0.02201994
-1.0599575
-1.12713742
-0.42597259
-0.85441545
-0.36495033
-1.11106705
-0.01721865
-0.14758169
-1.0994697
-1.04754239
-0.3819172
-0.10228724
-0.35715635
-0.58666029
-0.07286786
-0.27771477
-0.57855033
-1.34345684
-0.5241043
-0.52474951
-0.86415053
0.07612262
0.10190974
-0.61266117
-0.62867574
-0.47416573
-0.02982897
-0.65222428
-0.93494127
-0.2696891
-0.5607149
-0.59490464
-0.73527918
0.02955357
-1.03488837
-1.44682232
-0.57800574
-0.03573626
-0.38781862
-1.16828609
-0.84681113
0.49569511
0.01372035
-1.29363639
0.18504815
-0.28858998
-0.52430418
-0.48359383
-0.9047028
-0.35522947
-1.15358352
-0.89147712
-0.25902727
-0.275706
-1.11461225
-0.16751508
-0.52244759
-0.61530156
-0.91376316
-0.66070712
-0.63029549
-0.8979767
-0.76984128
-0.65807975
0.11784579
-0.33327804
-0.96551558
-0.91209739
0.22959701
-0.16029858
-0.68660234
-0.1294423
-0.79176158
-1.21644001
-0.51097746
-0.5529077
-0.8579228
-0.34602856
0.30408594
0.00497753
-1.32650171
-0.42819358
-0.87736851
-0.41527182
-0.47865223
-1.05237977
0.35208232
0.04210945
-0.71857657
-0.75978009
0.20370274
0.34607021
-0.6449527
-0.80039619
-0.32437312
-0.8667565
-1.34160694
-1.04274572
-0.36234306
0.01129112
0.78440477
0.12101564
-0.09979199
-0.15892377
-0.46179532
-0.84589553
-0.68752888
-0.22626013
-0.35466547
-0.11774908
-1.07841142
-0.93989861
-0.66741146
-0.42557706
0.06557204
-0.13277419
-0.66331047
-0.68038156
-0.50093626
0.3400489
-0.37495592
-0.74802352
-0.41238551
-0.19677585
0.42115557
-0.34122774
-1.02288617
-0.05857474
0.36937163
0.62450991
-0.78766719
-0.44834684
-0.4085674
-0.98232579
-0.30242432
-0.20371494
-0.03917479
0.2131762
0.11350762
0.21836195
-0.48057201
-0.80683853
-0.91999657
-0.61269514
-0.43641325
-1.57844593
0.72941109
0.08961915
-0.01599454
0.18486203
0.47989091
0.4279107
-0.85067176
-0.20903006
1.03759366
-0.986201
-0.98765788
-0.20750951
0.1872948
-0.18531887
0.12351588
0.9522258
-0.47055965
-0.85518737
-1.09677153
0.91113057
0.40382456
0.2534669
-0.09989658
0.3619308
0.26474692
0.29789303
-0.35821992
-0.0605241
-0.33334917
0.06642121
0.27282972
0.18217458
-0.31081388
0.33043325
0.50214697
0.13865217
0.31731895
0.68855858
-0.11940268
-0.9692054
-0.67648785
0.8122987
-0.04599525
0.7566933
-0.48673993
0.84048116
0.61027207
-0.41557807
-0.12947924
-0.07012613
0.06611844
0.39373127
0.42889347
0.388796
0.47344734
0.7173608
0.6418568
-0.38960472
0.43373686
-0.49201858
0.15461037
0.19675196
0.0945473
0.8009109
0.73776862
0.50103819
0.47024948
-0.53133338
0.37282834
-0.33379654
0.02467905
-0.11724662
0.0874636
-0.37328747
0.23510642
0.94905001
0.79951698
-0.09683062
0.32681495
1.18850098
0.29907215
-0.47165992
0.53235381
0.36173414
0.69982357
-0.74763604
0.50237714
1.08451002
-0.02749901
-0.27060212
0.4238901
0.3302013
0.57943572
0.69546594
1.31817782
0.95041049
0.11842023
-0.5576022
0.03871914
-0.50365313
-0.73813698
0.78905947
0.44297087
0.27799509
0.42951894
0.9283546
0.93923484
-0.06930573
0.1739282
0.10737383
-0.79704092
-0.51035794
0.16019415
0.53231423
0.11997226
0.01116593
1.01381993
0.30483721
-0.52793331
-0.43605277
0.14333364
0.97486863
0.13266666
-0.35981535
0.42920174
1.00434348
0.24245193
0.06593686
0.01342343
0.09001784
0.15463867
0.15117196
0.15033554
0.71750619
-0.57606903
-0.43860244
0.0488011
0.16138617
0.28627612
0.37616383
0.55138987
0.10144443
-0.23861781
1.37909217
0.93964591
0.57236787
0.51180517
0.40844864
-0.06601555
-0.78087172
-0.1184585
0.96197968
-0.37500698
0.15129408
0.38254324
0.91056503
0.49387493
-1.16032486
0.47365292
0.92730184
0.22526601
-0.14558598
0.44369107
0.1711194
0.76012377
0.42989957
0.58832456
-0.49296689
-0.0973227
-0.00490387
0.61895986
-1.21253903
0.13488811
0.65263911
0.92698192
0.21223121
-0.61153464
-0.08404571
-0.17080244
-0.4474107
0.1805693
0.21586342
0.41415703
0.08713191
0.61407632
0.53231951
-0.25818006
-0.75256472
0.00090602
0.19893076
-0.62253472
-0.19688608
-0.55669555
-0.08465647
-0.48083392
-0.01497501
0.31626548
-1.032775
-0.38574177
-0.15071449
-0.02776458
-1.21243092
-0.60798145
0.38681036
0.35426059
-0.63964516
0.52960201
0.31552685
-0.40627684
-0.73905933
-0.23985855
0.01532303
0.42899089
-0.80368461
-1.09335727
0.46442157
0.06469633
-1.00523855
-0.47357638
-0.50199992
-0.48839812
-0.25772178
-0.22877574
0.35804843
-0.86894306
-0.31937765
0.13548134
-0.69288132
-0.56833075
-0.84220385
-0.31388446
-0.63507872
-1.16819576
-0.47658671
-0.41908477
-1.09411697
-0.35627888
0.38307498
0.58871245
-0.14261208
-0.58916578
0.11686778
-0.73045155
-1.1733183
-1.22841269
0.17639359
0.12547198
-0.14690964
0.60393935
0.61313254
-0.2679629
-0.09570195
-0.32010546
-0.03407998
-0.26969604
-0.64440627
-0.22522271
-0.97777773
-0.39540794
-0.83951889
-0.51932474
0.11690226
0.32822885
-0.67808662
0.06100372
-0.05782411
-0.7384546
0.33497717
1.00676475
-0.78919696
-0.40068246
-1.03212479
-0.38674628
-0.41147951
-0.17185586
-0.3138407
-0.43874836
-0.79790004
-0.79609397
-1.14967669
0.11134213
-0.84231254
-0.2100436
-0.30795721
-0.36355889
-1.17257385
0.57054344
0.24182707
-0.9897041
-0.46602029
0.43794499
0.03169229
-0.4049066
0.01322457
-0.84383821
-0.92113634
0.04639742
0.86184316
0.53704003
-0.17875854
-0.17030064
-0.01200408
-0.54407719
-0.78570983
-0.15129772
-0.2626427
-0.2706123
-1.40241868
0.22021177
0.6567424
-0.51619328
-0.26146312
0.09705659
0.11995938
-1.17558055
-1.01439791
-0.20769379
-0.53379896
-0.46336615
0.07309428
0.97726441
0.36770758
-1.21639093
-0.74201209
-1.00551161
-0.10633959
-1.23445507
-1.00201609
0.22515298
-0.01433461
-0.90608757
-0.75619026
-0.60095829
0.54066443
-0.74537993
-1.8477795
-0.56826458
-0.70654522
-0.50349238
-0.37379149
0.27161828
0.05775994
-0.79362757
-0.81689119
-0.41911239
-0.73911491
0.1179356
0.15570617
-0.2691583
0.45019928
0.60708051
-0.5741185
-0.51212507
-0.72826649
-0.81137755
-0.07386588
-0.51137768
-0.32205119
-0.60494632
-0.61331069
0.15187372
0.38139984
-0.05908042
-0.81190031
-1.20973443
-0.12622077
-0.42573304
-0.63936826
-0.21703708
0.63601325
-0.06045137
0.0504471
-0.45728018
0.13908233
-0.08191021
-0.5002703
-0.15937038
-0.06342535
-0.08646376
-0.11770387
-0.45727048
-0.4770937
-0.11407115
0.33788691
0.09319522
-0.41433186
-0.59309155
-0.40669906
-0.04671559
-0.95209866
-0.74670002
-0.09663092
0.21548614
-0.28265876
-0.81700111
-0.4896501
0.50848181
-0.72230624
0.12450739
-0.36282915
0.59857006
0.32584577
-0.11180866
0.09240018
0.32056851
-0.28375781
-0.17203074
0.39782993
0.00844866
-0.10948008
0.45580918
0.37756215
-0.04874588
-0.25885205
0.41700782
0.64594096
-0.94158624
-1.16400157
-0.02108895
0.04693067
0.32363801
0.4879772
0.90054001
0.69627081
-0.63022166
0.34971373
0.55332794
0.06742627
-0.12592055
0.26944611
0.79712955
-0.18898705
-0.45120959
0.63541573
-0.06476934
-0.76396872
-0.15282369
0.52395137
0.46369647
-0.32487809
-0.22458608
0.23264472
0.03417295
0.21445779
0.17103581
-0.17225499
0.5853943
-0.13580474
1.13805204
0.64376025
-0.28101498
0.51625371
-0.15212898
0.50848334
0.06931634
0.97584016
0.20698912
0.25058384
0.04218782
0.14749614
-0.14103941
0.28280224
-0.37449064
-0.06976089
-0.26796241
-0.00378353
0.68562366
0.16388021
0.55401254
-0.03356944
0.5435477
0.80965855
-0.32155693
-0.25111771
-0.44103737
-0.0766925
-0.67191296
-0.19894744
1.26299299
0.82545481
0.71636672
0.6787049
1.24125242
0.88471663
-0.20916852
-0.17733664
-0.32530237
-0.3571727
-0.18271849
-0.78481873
0.53242252
0.33375942
-0.11658603
1.39260668
0.39402775
0.45426841
0.21330978
-0.27882737
0.41535327
0.478528
-0.08884231
0.98600781
-0.70349708
-0.82196895
-0.01358
0.49551254
1.53928892
0.50966785
0.75730361
0.40660331
0.20459716
0.3160221
0.1524825
-0.07598223
-0.56907667
0.24022044
0.05667218
-0.42595301
31.12700842
93.39274647
108.30412551
72.7978147
13.69845261
-38.34907082
-93.92598092
-151.63107234
-148.69841779
-99.55332092
-22.38885197
45.54767843
118.69540099
185.17978508
184.67822211
132.07223568
44.8555803
-32.24652973
-115.33484305
-181.79846143
-185.99084439
-140.78905647
-57.93982876
23.47186462
110.2727175
176.61550448
187.82715126
145.49907343
69.63470688
-12.899211
-98.80076653
-163.64412096
-179.52942931
-141.1767606
-71.19117334
8.34129417
92.12635951
154.26910936
171.32439324
138.22625409
75.13056399
-2.07975379
-80.62586852
-140.28078531
-158.57332534
-128.85631672
-70.7003781
1.86904678
76.4910687
132.79006012
151.97346316
126.63259445
69.1491757
2.82217425
-66.92804043
-119.19952459
-139.46770285
-115.47822034
-66.12211238
-0.89177524
65.68047072
115.66341852
133.16980325
110.92141933
65.91515279
4.90289784
-56.97663819
-106.64757667
-122.20173678
-102.06920408
-60.26017071
-3.33892461
55.66095677
101.57605896
116.81651348
99.166374
58.98383657
5.2128401
-50.89786718
-94.44956273
-109.20563541
-94.41408541
-56.98172568
-5.74761409
47.24248106
88.08141169
102.62979582
89.11508807
53.67748859
5.67630388
-44.18258635
-82.86654297
-98.31442331
-86.28123898
-52.91258618
-7.34254888
39.76605027
76.04247093
90.96695533
80.01709407
48.12753066
4.64799051
-39.07825363
-66.53044993
-84.77858534
-77.61959437
-47.4967382
-7.24336248
33.39156819
61.99112472
73.60468645
71.87384503
41.8945952
5.49949779
-33.14062356
-61.74157791
-70.83615819
-68.12755456
-43.06351706
-8.37956898
28.18161559
56.49418433
65.15595545
61.64491182
38.83423485
6.37569665
-28.54361304
-54.62139039
-64.54488686
-60.14217323
-39.25607488
-8.9212323
24.70881249
49.1754183
59.92602403
54.56555997
35.49964073
6.89980463
-23.57917616
-48.37092401
-58.0340885
-53.71714447
-35.91443309
-8.96639106
20.42295343
43.42058283
53.40322704
49.12960759
33.03452515
7.73161427
-19.32158256
-43.33305949
-50.15459857
-46.59125045
-33.42242722
-8.9051695
18.2814568
38.23741273
48.72509658
42.40734261
31.21500875
7.07644748
-18.20346296
-35.47669678
-45.83572307
-41.59286486
-28.77671515
-9.04696215
15.28551997
32.62224803
42.73020459
40.59438415
27.14643243
7.79232951
-14.47544552
-31.91684897
-40.4375176
-39.13366529
-26.31255515
-7.35676149
12.86412438
29.13149142
37.61493793
35.89614577
25.20246289
7.6714703
-11.26737981
-28.10703292
-35.79823815
-33.42078273
-23.85152532
-7.9367223
10.07894212
25.92463248
33.7811977
32.33194644
22.44703559
7.49802215
-9.26842225
-25.09122392
-30.7192483
-26.14579065
-15.00514667
-1.34048568
10.7452892
22.01165336
26.32149327
22.46843069
12.74042151
0.71231911
-10.6146316
-21.31624716
-23.12944328
-19.30745064
-9.67350401
1.62688919
12.60135478
20.55472605
21.89922133
17.44476452
8.99994016
-2.24878314
-11.38942888
-17.77079138
-20.14893186
-15.95763637
-7.73083687
3.42902842
12.52669694
16.86387943
19.68923187
16.32445618
6.91264652
-2.45929747
-10.24687282
-15.5142837
-18.66205508
-14.62126581
-5.77121853
3.28884598
10.66660296
15.89542075
18.85435635
15.54523762
6.89538806
-1.25458472
-9.28235982
-14.24075853
-16.39686133
-13.86511885
-5.41771804
2.52854813
9.29740391
14.0706545
17.43116019
14.59973244
7.41400781
-0.96448528
-8.65448705
-12.97533449
-14.73241494
-12.21984333
-5.72999366
1.35127096
8.64556266
14.31424082
15.60302513
12.31736598
7.84728163
0.85749674
-6.78630123
-12.90610337
-12.41361303
-10.07298067
-4.76485438
2.04240899
7.76378568
11.94050803
12.76973753
11.20776479
7.12757616
-0.12155372
-6.20141887
-10.67668659
-11.28086358
-9.7851488
-5.63420771
1.79416792
7.61927717
11.36358044
12.28269794
10.35540907
7.46264253
0.54903061
-5.17679666
-8.89945929
-10.58190209
-8.65244815
-4.50947637
0.4225517
6.49881533
8.82823813
11.18472908
9.21009063
4.12775456
-0.0518
-5.00590105
-6.65484114
-7.90750604
-6.02855842
-2.34848757
0.71935493
5.73219986
8.79988776
8.31439399
7.19924457
3.5800694
0.07002693
-3.16524618
-7.00985656
-6.25819355
-4.34309874
-1.62192823
1.9402443
4.15083635
8.39827949
7.50239738
5.82486334
3.31525163
0.06331458
-3.44666773
-6.13797071
-4.95425719
-3.83423982
-1.90285889
1.7212615
5.16909289
6.7489204
5.95149011
5.33974162
3.37995626
0.84346861
-3.14948828
-5.42928858
-4.86960733
-3.64419361
-2.88872462
1.25391882
4.55436476
6.25151189
5.91075457
5.00836562
3.09341509
-0.50635889
-2.72513115
-3.29419635
-3.72676707
-4.36888136
-2.88799681
0.83683833
4.07346639
6.46059786
6.47946798
5.48515509
3.16048264
0.25626393
-2.23152676
-3.21644422
-5.04455933
-3.77610471
-1.33202529
1.20855749
2.71520724
5.58623447
5.94670905
4.28906724
1.80584042
1.23647255
-1.11807008
-3.76843405
-3.62185712
-2.58714665
-0.99161463
1.09406465
2.5806491
4.07614693
4.61000223
3.45111937
2.36715849
0.24283125
-1.17360169
-2.81621184
-2.93291206
-1.74604654
-0.51642906
1.45011468
2.4994477
3.56040073
4.38953173
3.56429713
1.70886936
0.8694515
0.38300117
-0.71563947
-1.9523532
-1.66331152
-1.98799839
-1.1844432
-0.22161974
0.847685
2.32815532
3.16555545
4.23991861
3.14258281
1.05846902
0.05800947
-1.10770443
-2.77529119
-2.45748693
-1.95492951
-0.87676307
-0.48423913
2.30815961
3.89062939
3.16345195
2.71539534
1.59691202
1.49658928
-0.02725186
-1.99595477
-1.48014644
-2.03480575
-1.04246326
0.40286742
1.71150242
2.91096451
1.66872837
2.14509666
2.46725859
0.77164529
-0.10122917
-1.49223541
-1.27811083
-1.51171776
-1.3871491
-0.43719292
1.11162611
2.30608137
1.94708741
1.64193258
1.62996734
0.95131241
-0.3642826
-1.96393412
-1.79809084
-1.08081631
-1.42594317
0.56721884
1.46520676
1.14085843
2.2601052
1.05836188
0.37480681
0.50053437
0.45221966
-0.52504398
-1.96510841
-1.69692981
-0.80489867
-0.12068366
1.13722642
0.68368205
1.40909526
1.59047459
1.0686534
0.77181279
0.18112458
-0.76759563
-0.99079355
-0.15675601
0.33636268
0.21573526
0.21120941
1.07962914
2.03684224
1.29489299
-0.08959121
0.54011303
0.75345931
-0.40245308
-0.81032989
-0.76280382
-0.73632822
-0.94665574
0.48540319
1.5959319
0.08190259
0.79996531
0.46958798
1.75198436
0.8245766
-0.10425205
-0.36676765
-0.31414882
-0.67438253
-1.13154789
-0.25353445
1.92233143
1.26059437
0.82127024
1.04447177
-0.04132523
-0.24678899
-0.21224811
-0.18614985
-0.27043613
-0.95036701
0.20480421
-0.10233538
0.60348208
0.99439834
1.06564205
1.65353547
1.06322829
0.41007959
0.27779977
-1.84665258
-1.16867972
-0.43481853
-0.08502175
0.29119849
0.67754322
1.90932937
1.56111806
0.76873325
0.5221999
0.78339311
0.65083524
-0.96706433
-1.76669375
0.04294524
-0.37549471
0.14575707
1.38089196
1.90897566
1.72207268
0.46355361
0.58470614
-0.15095336
-1.23235671
-0.62730747
0.09807482
-0.04017652
-0.06818787
-0.26693763
1.51777939
0.60759929
0.52363626
0.84708687
0.71806233
-0.11373854
-0.88926025
-0.87808444
0.31625039
-1.00942538
-0.30457888
0.18044549
1.15425953
0.96293868
1.88413637
1.23478875
1.06400613
-0.32240718
0.07422635
-0.27667985
-0.74080225
-0.73689233
-0.12027095
0.11013907
0.44565361
1.85237243
1.27668625
1.20347653
-0.24576244
-0.16805037
0.53502243
-0.02894559
-0.52661643
-0.78926362
-0.69080455
0.62797754
-0.24726301
0.10329562
0.45311575
0.66716236
0.82046682
0.55095121
-0.13415109
-0.80556538
-1.21863976
-0.55938465
-1.01532838
1.06841992
1.03487163
2.22669543
1.21132827
0.72140006
-0.01312945
-0.73671505
-1.14596158
-1.07729536
0.28901028
-0.17078377
0.28494755
1.18563649
2.83570129
0.87475815
0.44824768
-0.06485508
-0.55845662
-0.47505835
-2.49154885
-1.25613911
-0.19078187
-0.44633508
0.29863306
1.59457126
2.71903776
1.27900964
1.00441166
1.4898122
0.41241848
-1.42543185
-1.72041089
-1.28149734
-1.26577998
-0.61289358
0.01024866
1.03641293
0.96978134
0.87815671
0.70270995
0.53432671
-0.65948622
-0.91056225
-0.92638696
-1.20816926
-0.79325412
-0.19185686
-0.09216488
0.71288482
1.4756563
2.08565724
1.61994246
0.37299373
-0.13814478
-0.40499709
-0.28453293
-2.40497739
-1.15769739
0.46929161
0.99030555
0.94308367
1.19928098
1.02770293
1.03154797
-0.35687566
-0.22062883
-0.10044589
-1.09076372
-0.78175438
-1.03287146
-0.02190178
0.56403207
0.20206557
1.27602789
1.20707397
0.4237205
1.090137
0.96373211
-0.19526639
-1.43259607
-0.49773622
0.44610812
0.36067395
0.09865347
0.35046252
1.65439571
0.83238782
0.30516067
1.04194423
0.43946741
-0.39730751
-0.91390163
9.52664299e-05
-0.75037429
-1.18057336
-0.41903037
0.94973833
1.31208032
0.82339435
-5.53110638
-10.69700529
-10.71063484
-6.91823218
0.6177716
5.87736179
14.48443705
17.5831545
14.49072917
8.95738851
0.23929746
-7.03109069
-16.24371394
-20.69311967
-19.29342763
-10.30780436
-2.21430342
7.43299724
16.69756375
21.07409656
20.62630174
11.69682004
4.39513637
-5.77506785
-15.75893729
-21.26504305
-20.56482641
-12.56156699
-4.60909592
5.35418309
15.29283955
20.705651
19.92561091
13.01392721
5.57437461
-4.08590294
-13.22554945
-18.98166211
-17.54206938
-12.0968465
-5.36235438
2.88463734
13.00447234
17.51378265
16.60130855
11.84715835
5.72108823
-2.63604061
-11.44367616
-15.45469618
-15.45584496
-11.61885073
-6.11045472
3.39950427
11.01377173
14.79890703
14.92411447
11.83751252
5.37347893
-2.67652785
-10.05209897
-14.04710421
-14.46925061
-11.61316518
-4.12104881
3.06507056
9.19932407
13.86417919
14.39661272
10.95892303
4.83003398
-2.85787693
-7.81187867
-12.00037616
-12.46476766
-9.68473361
-3.18565653
2.83087232
7.86103404
11.75698838
12.68160517
10.05141965
4.34072835
-1.72773306
-6.81652836
-11.36551779
-10.94562229
-7.83077702
-3.11045483
1.47948788
6.43817994
11.16078424
11.25563168
7.99416914
4.23336833
-0.76099757
-6.07320068
-8.50372338
-9.38587305
-6.87409067
-4.17233431
2.03022684
7.373187
9.29635981
9.15900545
7.45916147
3.78296416
-1.96796485
-6.73812691
-8.25265263
-9.63560122
-6.41084473
-2.1268683
3.01098989
7.86225027
8.80588117
8.75194421
7.76933644
3.28720586
-1.7087986
-6.30478557
-7.82916501
-8.32268929
-6.43746765
-2.02785662
1.80568808
5.87320816
8.31025392
9.39133731
7.1299902
2.42340139
-2.11459121
-5.73155458
-7.72346373
-7.22465089
-6.00279081
-1.81830385
1.9959756
5.08592212
7.15059599
7.4610728
5.55242042
2.76028213
-0.5777735
-4.76821426
-6.60133377
-6.95492926
-4.7317966
-2.07996142
1.60640039
4.53793852
6.54176126
6.40684751
5.30615717
2.28044705
-0.72798973
-3.28262308
-6.30097362
-4.61518253
-4.46277768
-2.77367419
0.73423472
4.06506232
6.28108632
6.03995002
5.1330789
2.60121731
0.04037749
-3.55426287
-5.47304901
-4.83513423
-4.60283692
-1.87423601
1.16662756
3.70075643
5.13648928
4.59480556
4.55166158
3.36202543
-0.07152603
-2.45224101
-2.970226
-3.97428681
-4.81593754
-2.37262899
-0.09996344
3.04818535
4.92084518
4.45910515
4.86255518
2.20864694
-0.28626271
-1.52817816
-3.18201923
-3.59073135
-3.71095594
-1.74045863
0.71552926
1.90428672
3.93939953
8.04562728
10.49871708
7.35762788
2.60944001
-3.43876303
-6.3286974
-12.02418999
-12.91392561
-8.63920693
-3.07727506
2.7179741
7.86148969
13.80991575
14.46800143
11.75808623
5.62672422
-1.42853894
-7.29855788
-12.01611765
-13.69410157
-11.87880527
-5.68058385
0.56118405
7.3227082
12.20800273
13.85041492
11.82094765
7.33317479
0.90884068
-5.18211198
-10.54998355
-13.12726419
-12.08083509
-6.60756987
0.18336378
5.9481941
10.84855544
13.57278167
11.92749092
6.60718718
1.25324168
-4.52993665
-8.73722713
-12.13092598
-10.49636662
-5.86559409
-0.95167516
5.11174863
8.87392248
11.75463318
10.58962721
7.0357485
2.33764682
-3.42821772
-7.90498074
-10.8535209
-9.76356508
-5.13166758
-1.22417246
4.51253665
8.40546317
10.40775948
9.22797341
6.3101534
1.37968727
-3.64700309
-7.55931439
-8.79520391
-7.75963043
-4.61196013
-0.91514572
3.4166632
7.27840614
8.93741267
8.77110877
5.86831665
1.6580001
-2.63950493
-6.10040461
-7.16695284
-8.17064084
-5.61322571
-1.42544373
2.35472509
6.00018803
6.95394803
7.8986055
5.16436339
1.99679076
-2.12163561
-5.68615037
-6.96251497
-7.87180701
-4.56039354
-0.9862105
2.02509298
4.7189174
7.66888658
7.16645186
4.53104448
-1.56117078
-5.68711281
-8.3817685
-8.53242849
-5.55804344
-1.21386187
4.98311053
8.78324607
9.89476379
9.25236207
6.20822612
0.676575
-5.35844385
-10.01810853
-11.41807356
-10.06226021
-5.96768665
0.02619276
5.71984241
10.0657605
11.84926371
9.87329278
6.38628511
1.58720926
-3.9706751
-9.10992119
-11.53843339
-10.0608276
-6.1361201
-1.56835026
4.08346231
9.07666757
11.05915034
9.52240452
6.02395702
2.42445028
-3.59573763
-8.04130664
-10.67731901
-9.10905917
-5.5750091
-1.97942711
3.40569177
8.19003138
10.22227344
8.60964028
5.88923066
2.58494458
-2.45646677
-7.01687382
-8.45768722
-7.72507461
-4.87754698
-2.84310502
2.37241338
7.10199857
8.74230147
7.85319208
5.13670949
2.00472845
-2.49659188
-5.75013413
-7.07589212
-7.6840105
-4.75267215
-2.37077586
2.47802511
6.2515105
7.50819828
7.55908666
5.33550443
1.5778137
-1.53044213
-4.89124015
-6.85662445
-7.0507414
-4.69126045
-1.00532435
3.02120605
5.50384059
7.05385902
7.31135609
4.99282784
1.3371048
-1.61143622
-4.65733182
-6.15645784
-5.77206188
-3.74363918
-0.02141793
2.17749385
3.81991167
7.12249684
6.1698647
3.86637098
1.31675411
-1.01345292
-3.42093787
-4.70200411
-3.40820046
3.19061027
-3.27977534
3.0983876
3.95632414
3.29867739
2.21511082
-0.49105861
-1.06268235
1.22907683
-5.3018802
-1.74020089
1.12004978
0.84221097
3.0366932
0.82618743
4.27289511
2.56411267
0.72471323
0.24222276
-2.3086551
-0.79620649
-1.96956883
-1.11628999
0.10346016
0.22606349
2.26115022
3.28168243
3.03536502
2.60010078
0.79462651
0.66823966
-1.84649476
-1.2405483
-1.17404296
-1.60019588
-0.03715436
0.72371919
2.42797828
3.61198249
2.7136084
2.84609608
2.02815896
0.40995922
-1.60233184
-1.37733723
-2.32096011
-2.09024588
-0.43410146
1.9279366
2.59178644
2.77417544
2.32692205
2.52794055
1.963203
0.26881453
-0.43671269
-1.35644107
-1.86813468
-1.27180269
-0.07408857
1.99766983
2.7105053
3.13084561
2.65968586
2.26820125
0.04551364
-0.68611509
-0.08115502
-1.05826453
-2.047692
-1.34350552
0.3855552
1.13536628
1.68368157
2.26111139
1.33329342
1.33292271
1.5026778
0.99585467
0.27815499
-1.14361202
-1.85505605
-0.69384552
-0.00241347
0.80493583
2.24597107
2.92221349
1.92036571
1.40532219
1.52333246
0.47651442
-0.11632575
-0.89447542
-0.79537735
-0.33458278
-1.39625315
0.34960959
1.66775714
1.91522461
1.888939
1.11946717
2.15621721
1.41423104
-0.95523028
-0.83900233
-0.91714962
-0.50655994
-0.01550543
0.46976532
2.15030453
1.56933819
1.60942395
1.36287332
0.4686802
0.66032834
-0.360409
-0.97336424
-1.25578352
-0.87106142
-0.28241014
-0.37370508
1.17612961
1.73877656
1.52693505
0.98475151
0.59924478
0.15495392
0.45901105
-0.78357813
-0.64779232
-0.87067294
0.63765036
0.24906664
0.43367837
1.79189911
1.69710561
0.24596286
0.19828959
0.17578701
1.13680426
-0.45942117
-1.54877102
-0.30991014
-0.32086599
0.63116425
0.1829464
0.85253205
1.30249917
0.9768488
0.27755196
0.59994747
0.50458766
-0.42936893
-0.86888879
0.30295384
-0.0350497
-0.57634187
0.54481489
0.67840565
0.90665604
0.86894921
1.0635374
0.39509189
-0.46517503
-0.45657809
1.04749048
-0.51454075
-0.73777919
-0.22590359
0.71247903
1.26639405
1.45125612
0.66896352
0.43081751
0.66185152
-0.21571536
-0.62302552
-0.61584473
-0.14644944
0.42176521
0.11848772
0.35601797
0.74347762
-0.09150877
0.74266917
-0.15603169
-0.47500311
0.49650448
-0.55073129
-0.05727609
-0.41465437
-0.00180926
0.56447517
0.12364855
0.11370776
0.51478639
0.541262
0.32819657
0.5015897
0.83841026
4.14067368
5.79534384
5.37158581
3.07719966
-0.7329273
-3.80144171
-6.46976197
-7.13515512
-6.28037626
-3.15034241
0.81042519
3.64150871
7.93119578
9.02439047
9.13039089
4.74530232
0.12585949
-3.1041148
-8.02650667
-10.24037352
-9.71283175
-5.54296868
-0.73209791
3.43387531
8.48042415
10.21130684
9.41007544
5.0968314
1.77492883
-2.33067979
-7.13343588
-9.90155471
-9.0480714
-4.91294501
-1.12851869
1.85337899
6.43947487
9.51415994
7.93852072
5.66697711
1.49270795
-1.94311466
-5.09501024
-8.25497478
-7.02626713
-4.95913847
-2.37442763
2.3101954
5.87114995
8.49799481
7.19438445
5.47294958
2.55454765
-1.9295868
-3.93954249
-6.45299547
-6.60632875
-5.10229737
-1.23482238
1.63231148
5.47565313
6.69234005
6.47897609
4.95260837
2.47123243
-1.49320029
-4.1654439
-6.37603338
-6.95093582
-4.61706789
-1.49527821
1.20555675
4.05544623
6.47421252
7.13945341
5.21523393
1.74218689
-1.01737313
-3.67368614
-5.25164822
-6.37650425
-4.47173055
-1.17920472
1.53286908
3.09215423
5.64221912
6.20891954
3.41411574
1.07059689
-0.89946711
-3.36307423
-5.77993122
-5.35974488
-3.70332804
-1.01685198
1.22954427
3.37205651
5.48814793
5.25505852
34.46074725
100.1585298
116.5402813
79.48706571
14.99239408
-43.86552579
-101.91737347
-165.61772171
-163.13757288
-111.07350949
-26.21733624
49.07750249
125.96190474
201.02874868
203.5539316
147.85100972
52.00300377
-32.98992997
-122.94170907
-197.47142108
-206.95866746
-158.30761848
-65.93984282
22.98017201
117.13382581
190.98311609
206.30143041
162.52422938
78.26652297
-10.82435589
-105.79195722
-176.41355007
-197.4374398
-155.98319679
-79.47678361
6.62319378
97.38445289
164.85171367
187.64035907
153.77800718
83.07929873
0.01490393
-85.57519606
-151.03508893
-173.29876854
-141.46430905
-79.36548876
0.2637227
80.20748078
143.32936143
165.90464555
139.45107087
77.38391437
4.48466666
-71.35236426
-128.90390521
-152.2746482
-126.35995856
-73.85429265
-2.72811832
69.36053518
125.05261233
145.37914178
123.06963869
74.23426553
7.0629236
-60.04390042
-115.41666132
-132.72287003
-113.43053493
-67.64507782
-4.58586531
58.35738305
109.38147322
128.53811567
109.85069708
66.24904182
7.43631401
-52.93982836
-101.33536779
-119.03679132
-104.58908315
-62.67674055
-7.16092308
49.97889667
94.40960961
112.92665488
98.88502213
60.45428707
7.90657201
-47.26004534
-88.86634408
-106.78753787
-94.02080037
-58.54572097
-9.02481565
42.44588704
82.07971084
98.94284417
89.49581513
54.63518817
7.81183456
-38.29993772
-68.23916284
-90.141495
-84.74520977
-53.26566648
-11.42038639
32.65857136
64.13455614
78.79373986
79.00490954
48.51604659
10.94689465
-30.49028629
-62.52584159
-73.59915544
-75.04370297
-48.74437901
-12.70783578
26.48089274
57.57604123
68.09257946
66.575494
44.42468242
10.73237972
-25.90020784
-53.95209228
-66.49345121
-63.77213366
-43.23741301
-12.30755543
21.96359976
49.70328349
62.11247027
59.16437004
41.33943814
12.23378734
-22.09228774
-48.18375907
-59.84690703
-56.87899927
-40.16834791
-12.01203929
18.94598223
44.21274711
56.44163943
53.0799058
37.72733132
11.33294962
-18.02439477
-42.18626379
-51.43643557
-49.29422063
-37.00734992
-11.25137342
16.84342946
38.6566101
50.94838314
45.60502871
33.99584878
10.42991592
-16.02056463
-35.54560538
-48.01834352
-44.64656362
-31.92690955
-10.38071154
14.60937442
33.96704457
44.67583869
43.56312005
30.90348973
10.02037353
-12.93793559
-31.56276257
-41.8919426
-40.89063668
-28.44332745
-9.72227717
12.21497863
30.19893435
39.91289853
39.30435046
27.5317892
10.11660943
-10.15617057
-27.40583269
-37.43515155
-36.8273159
-26.23753866
-9.57328195
9.60307026
26.8161693
36.18894911
34.98541326
26.26134134
10.16493734
-7.67945101
-23.92046483
-32.16420346
-30.60937331
-24.17209591
-8.25320832
7.93665788
24.00228548
31.35942379
31.76041243
23.82305712
9.62887127
-5.77249036
-20.57156829
-27.21705462
-28.99409723
-21.5232909
-8.09685439
6.4823894
21.04124986
27.68048283
29.11929467
21.53828847
9.2029412
-4.88537715
-16.94259953
-24.20332262
-25.98840207
-19.5752434
-6.75884078
6.71140561
17.3908802
24.85029361
25.77844295
19.99294099
8.91121144
-3.57976511
-15.16021826
-21.47585055
-22.76447247
-17.20724563
-6.62416137
5.42344624
14.78644925
22.24990575
23.48881889
18.20644891
8.69784499
-2.62054449
-12.96839769
-19.55325717
-19.83728026
-15.03596946
-6.5949434
3.82770933
12.70096848
20.18509091
20.95953003
16.2048731
7.60819576
-1.85285683
-10.4070286
-16.28497396
-17.43072557
-13.38025084
-6.70963641
2.72315135
11.85939496
16.88335998
17.68704213
14.83137015
7.27200272
-1.80119658
-10.1210017
-14.06681933
-14.82557635
-12.18503417
-5.33156463
2.44181224
10.64878643
14.88564285
16.54163653
13.68354518
7.73519918
0.3111073
-7.43817121
-12.03690228
-13.96454143
-11.81908122
-4.78349006
2.62917233
9.38263966
13.26174306
14.56710277
11.65378439
6.4884897
-0.52628671
-5.51832636
-11.20354044
-12.21708279
-9.83670727
-5.06054989
1.90333096
6.63179619
12.32652501
12.94090076
10.24274149
5.88696257
0.03842244
-5.69655248
-9.58762211
-10.00536069
-8.2632087
-3.68761736
1.45048815
7.43933837
10.11502371
11.5638827
8.6505749
4.48047988
-0.48411708
-5.09366871
-8.62556256
-8.81802846
-6.87346293
-3.78338762
1.87941472
7.36040307
9.53014197
10.03643859
9.10962841
5.53235573
-0.2500993
-4.40752338
-7.36865179
-7.17680306
-6.5362299
-3.09232296
1.85355663
5.95431293
8.03156854
9.32165431
8.36750862
4.84141814
-0.33869549
-3.81615287
-6.13908763
-6.92198713
-6.23176537
-3.2027381
1.12544705
4.64491744
7.89427495
8.24568596
7.50604079
4.31761505
0.38554351
-3.1115618
-6.13651645
-7.02289108
-5.36006369
-1.95349183
1.53465228
4.31616112
7.15907296
7.89488308
7.26445116
3.56335762
0.43327061
-2.78531174
-4.630156
-5.70611767
-4.3672568
-2.13060477
0.43291233
3.49604951
5.39763831
6.95763177
6.08161525
3.53147391
1.42648751
-2.05236517
-3.83447249
-5.0107955
-4.21963747
-2.29985798
0.24014311
3.14728265
4.26227209
5.3811611
5.29568907
4.01946619
1.65838951
-1.51227275
-3.41069957
-4.18297641
-3.16254681
-2.11939531
-0.76072107
2.64490083
4.59160777
5.13557262
4.96202676
3.20373552
1.5288016
-1.21131083
-3.68021489
-4.04887039
-3.47811228
-2.58902896
0.22659875
2.20807539
3.9603894
4.50936423
4.36858863
3.5340187
0.70170112
-1.16018536
-3.3252887
-4.31999277
-3.06403166
-2.75369254
0.08371881
1.61962785
2.83280292
4.08845069
3.4091514
2.42427969
0.15039254
-0.83885639
-2.11730297
-3.27287355
-3.08605601
-1.59664181
-0.55910643
1.66427999
2.82796702
3.74154887
3.1955329
1.49423495
0.836417
-1.69498951
-2.23740768
-2.2513981
-2.46266485
-0.97728548
-0.95646243
1.29493522
2.50326291
3.11572491
2.7274238
2.51425272
1.95345812
-0.91137547
-2.76114271
-1.98252372
-1.83097672
-0.88631649
0.03357981
0.94381711
2.31069946
2.45011568
2.78117932
2.35861637
0.90772095
-0.23597558
-1.87257926
-1.95040883
-1.52555123
-1.26495392
0.40709751
1.54212666
2.54031301
2.9088749
3.02028631
2.49052421
0.27560639
-0.54970242
-0.69815661
-1.92726686
-1.24235106
-1.18883271
0.62193579
0.50651552
2.9132226
2.49894871
2.66343939
2.66841797
0.88165064
-0.1297073
-1.03336165
-1.2690991
-0.44814057
-0.10964821
-0.11511217
1.31189252
1.68842013
2.62352759
2.4483825
1.87642231
1.67058832
0.44543417
-0.17968271
-0.72705365
-0.47613225
-0.53141315
-0.50117131
0.96867781
2.08556397
2.48283118
2.00731628
1.52772371
1.58776099
0.68702922
-0.5938691
-0.47607023
-0.68384052
0.13354025
-0.36094031
1.49099646
1.88276013
1.81948437
2.46448407
2.21784643
1.58974261
0.71752091
-0.39217156
0.58557846
-0.53173149
-1.17472043
0.4221705
1.15411185
1.83767027
1.86717528
2.80072203
1.49710412
0.67707628
0.79097212
-0.5491612
-0.44297449
-0.55252315
-0.53056379
0.40177709
0.86805449
1.20120128
1.2528617
2.2871095
1.46092618
1.02619968
0.42796995
-0.28212766
0.15073138
-0.49412188
-0.19208826
0.15791731
0.5274561
1.52021177
2.07423056
1.90776221
1.09109946
1.00626224
-0.34003451
-0.85232165
-1.35086723
-1.46784588
-0.45828025
-0.05167718
1.27818436
0.8868846
0.42859024
1.08426219
1.39505261
0.47828834
0.21798403
-0.65362095
-0.65285014
-0.29606201
0.61577551
0.1571857
0.83531704
1.31999308
0.96305372
1.61005223
1.42210642
0.84403284
0.15839751
-0.12259652
0.20853063
-0.26822487
-0.79257991
0.29732993
0.7306258
0.95274277
0.32636912
0.81666739
1.24021947
1.14255947
0.85314597
-0.19556365
-0.35935826
-0.51518686
-0.90186977
0.31976052
0.1630318
1.22863327
1.66652225
1.43309237
0.56159423
-0.39969082
0.55005239
0.54750907
-0.8939391
-0.88211533
-0.21427564
-0.42509803
0.00086921
0.91720426
0.69641623
0.83319635
0.66875693
1.24108251
1.38524919
0.18961246
-0.71555048
-0.09703683
0.45462282
-0.27665293
0.7314535
0.57572094
0.22183216
1.16017589
0.94030635
0.64467816
0.64614412
0.03323869
0.60097587
-0.11594799
-0.68476718
-0.13354975
0.09612728
0.15924423
0.54282076
0.51314874
0.76598917
0.50754356
0.51703194
-0.15946644
-0.15711753
-0.42710115
-0.72535693
0.26817817
0.8505101
0.31998006
0.14796425
0.02479352
0.24210658
-0.28832881
-0.4535587
-0.49611307
-0.62647578
0.10365345
-0.48973749
0.89992467
0.28805051
-0.20481855
0.44843086
-0.07364519
0.1127533
-0.09185226
-0.02144049
0.48057099
0.21942308
-0.13943059
0.19992579
0.74622412
-0.60723747
0.4067301
0.6168537
0.09029549
0.57577981
-0.14815582
0.50087045
0.29555854
0.21541673
-0.25114027
0.39171751
0.70686743
0.21096206
0.17660132
-0.19859193
0.34557353
0.12000365
0.99387042
-0.66506113
-0.62102916
-0.55651406
-0.62397703
-0.04679723
-0.51475582
0.38342218
1.68981114
0.86973613
0.97771356
-0.68692533
0.11614174
0.15393366
-0.8907692
-0.42357745
0.09175249
-0.47579505
0.2488699
0.83253211
0.4783203
0.60102484
0.7846517
0.86479342
0.41672765
0.09628514
-0.39858469
0.11217178
-0.42095207
0.17495474
0.0281883
0.49549117
0.24866909
-0.12816422
0.04931118
0.50487809
0.30972077
-0.27001936
0.19110765
0.01255793
-0.19990864
0.61871833
0.73752523
0.28736009
0.85656865
1.20115025
0.3767496
0.5637203
0.25806621
-0.15628917
0.852587
-0.19723191
-1.03189959
-0.21140544
-0.0797444
0.45864266
0.21982646
0.4203006
0.18635661
0.69449725
1.14992086
0.704334
0.35780882
0.36233203
-0.00117984
0.41689472
0.03674692
-0.42625674
0.64576837
0.19102707
0.57490421
0.05594784
0.46295117
1.14426276
0.43522811
0.62261168
-0.41718667
-0.70610751
-0.50161851
0.38792701
-0.35999655
0.10376367
0.31499565
-0.16610402
-0.39254155
-0.0587602
0.26816709
0.23840255
-0.07798287
0.23833606
-0.12598465
0.20415993
-0.22905083
0.12523765
0.78690237
0.00163775
0.01503867
-0.70460123
0.36824237
0.10335406
-0.53642815
0.11793528
0.36497997
0.58691689
-0.35991013
0.2314364
0.51803275
0.48254921
0.87083125
0.31227996
0.90608697
0.53886271
0.05288773
-0.11314856
-0.06417341
-0.54135826
-0.23678642
-0.04494771
0.58851318
-0.08344288
0.75268119
-0.28592549
-0.2181644
0.10391857
0.42516288
0.92640051
-0.54605226
-0.21747372
-0.53709031
-0.10178688
0.37792517
-0.14004568
0.05140555
0.39054164
0.36225172
-0.20386153
0.07625198
-0.00533812
-0.16547668
0.58802474
0.22242007
0.22441473
0.49083137
-0.12780608
-0.26346635
-0.07504553
0.11632712
0.82564744
0.06204341
-0.79424244
0.63489783
0.11198802
-0.23581877
0.03314408
0.46120259
-0.29169932
-0.58465173
-1.12428429
0.17802757
0.19025088
0.17785118
0.3839042
1.18934786
0.00772581
-0.66912092
-0.60275818
0.0097363
0.01179498
0.16892261
0.29494443
-0.39919031
-0.42927067
0.49035568
0.40003382
0.26359805
0.24987951
-0.06372609
0.04783786
0.59971968
-0.25842988
0.20577748
-0.16883852
-0.56169084
-0.95075153
-0.44299031
0.53205322
0.55382956
-0.11779297
-0.5006706
0.44224316
0.50734053
0.63591429
0.30293964
0.3333602
0.10836753
-0.16267282
0.13524975
0.35063408
0.52135844
0.58159317
1.01272062
-0.2982792
0.01552452
0.0846543
0.03783269
0.03619283
0.08971341
0.05207441
0.61959769
0.07261667
0.76879455
1.08717957
1.12114376
0.72157126
-0.78647705
0.59542145
-0.23782798
0.09293217
0.28162875
0.00178218
0.00094222
0.57354928
-0.11075121
0.72875304
-0.38215964
0.10452477
-0.00903312
0.51507329
1.13401363
0.99716097
0.86734778
0.16135353
0.25528307
1.06698701
0.22274187
0.71019449
1.06372453
0.45421548
0.18510534
0.7529329
0.79257752
0.58647037
-0.08555268
0.19157088
0.41879121
0.63355098
0.12425729
1.48886767
1.37355147
-0.53407079
-0.05936249
-0.28376655
-0.11673587
-0.04515445
-0.86582865
0.36438848
0.73978003
0.479583
-0.07272069
-0.10265568
0.94285033
0.40630993
0.41526581
0.03294462
-0.37157619
-0.04261373
0.4508391
1.13924829
1.011337
0.77976758
0.68992457
0.85818916
0.51074542
0.10690657
-0.59537172
0.35536953
-0.00438179
0.22035238
0.43535737
0.47815765
-0.0410201
-0.30439118
0.4378586
0.18925263
-0.30707877
0.44292452
0.78488662
-0.24591434
0.61471131
0.2708593
-0.35434369
-0.23089216
-0.11452974
0.11779823
-0.45922666
0.29449605
0.14194146
0.6014191
1.39676668
0.18154368
0.71645611
0.29923128
-0.85717139
0.61248971
0.81665926
0.37933545
0.70847043
-0.15576172
0.64507506
0.46106141
-0.36654961
-0.02729317
0.20025674
-0.18926608
-0.79787582
-0.0651066
-0.30935389
0.66700068
0.44485171
-0.03974108
0.15684053
-0.17329094
0.50205883
-0.37766043
-0.90686502
-0.00886333
-0.36614255
-0.33165955
0.27335559
0.70589736
0.17312136
-0.02118849
0.38723313
-0.19400732
-0.05265551
1.14494204
0.68400495
-0.41016014
0.02993319
-0.39625667
0.24688531
-0.33993593
0.46936677
0.75811556
0.02051928
0.33867939
0.98669614
-0.30457615
-0.51680783
-0.10064806
-0.3615267
0.59242793
-0.47192615
0.77163386
0.41314667
0.93031693
-0.88232775
0.06279188
0.43956408
0.15955844
0.51799039
-0.23660295
0.0814759
0.64620373
-0.6547193
-0.11770644
-0.06174021
0.40196447
-0.39217467
0.08611581
0.56028183
0.19974308
-0.64067268
0.07926782
1.32313734
0.10948608
-0.5630414
-0.77160294
-0.43362902
-0.97070647
0.09143995
-0.11480937
-0.23482835
-0.67325391
0.15022359
0.57490482
0.50712391
-0.12461974
-0.11447283
-0.80250624
-0.41504164
0.16396616
0.07893502
-0.24058737
-0.06428998
1.152666
0.77860924
-0.04591274
0.20010084
0.31896472
0.56851087
-0.64273661
-0.34506209
0.93710077
0.73235604
-0.29439123
-0.03470876
0.86134505
-0.19937098
0.38670304
1.34855955
-1.45427337
-3.15580782
-1.16714518
3.05928325
-1.5428878
0.61856722
1.06867442
1.49020969
1.52098013
-0.63263632
1.97969013
0.79798062
-1.65394727
-1.35774931
-1.59246362
0.06583112
-1.65902002
-1.67576312
2.01209987
2.27331981
2.68375336
1.00336314
0.89288647
2.0486693
-1.66110295
-2.41418861
-2.30033029
-1.66312558
-1.07551056
-0.96118972
1.63482782
1.66349956
2.28581052
1.65451147
2.10457987
0.31419473
-1.62970374
-2.06318966
-1.98743058
-0.88808646
-1.48304912
-0.8244103
1.54527525
2.02743993
2.28319945
1.08740981
0.91821423
-0.20982142
-0.56564884
-2.64403328
-2.42885435
-1.24187867
-0.78327621
-1.25363714
1.18048006
2.49567713
2.32123749
2.03259379
1.4498564
0.74912721
-2.00641424
-2.22293825
-2.30407602
-2.38814482
-0.88014541
-1.22585431
0.56537616
1.82832985
2.43938298
2.34190886
1.57092028
0.93339531
-0.22520973
-1.75211822
-2.22267458
-2.69314062
-1.72706747
-1.06041705
0.62558289
2.14464326
2.108543
2.08246156
1.76820924
1.18364075
-0.63613049
-1.72619054
-1.48481046
-1.71426155
-0.81698929
0.23849142
0.5081965
1.46185914
2.27320927
2.37885522
1.57145992
1.00127661
-0.75417945
-1.22529889
-1.90585399
-5.02784356
-10.20031407
-10.96792633
-6.34922294
0.06870384
6.53141426
12.18531625
16.58511551
15.78386545
9.8091727
1.2403454
-7.2866405
-15.19184449
-20.25983841
-18.45349563
-12.43789202
-3.94134968
5.91096965
14.13802298
20.29771767
20.77939049
13.70642512
5.73266769
-3.97132627
-13.19802418
-18.76582732
-19.8608096
-14.92584814
-6.05826479
3.26205874
12.47965096
18.15833961
19.44953691
14.74673975
6.344843
-2.61270465
-10.91825297
-17.47420164
-17.67320974
-13.09476351
-6.58593071
1.83424352
9.51675351
15.42026437
18.15723
13.57391308
6.417508
-1.36078831
-9.61463877
-14.71759363
-16.27017412
-12.80516025
-6.75255011
0.61530755
8.04043856
13.98285173
15.54696519
12.24496648
6.7594721
-0.13916088
-7.27407141
-12.86057775
-14.64902765
-12.07167953
-7.21306752
1.19600471
6.9380118
12.15383491
14.24595923
11.5384841
7.30769227
0.01200389
-7.18679677
-11.14032323
-13.58702921
-10.89281136
-6.60170597
-0.73046425
5.80280069
10.1683211
11.71177164
10.20208493
6.63997582
1.21340981
-6.02493878
-10.36242159
-12.07782478
-9.29514941
-5.06658408
-0.54246037
5.10422638
9.49791517
10.80768133
9.72815657
5.62103921
0.66706789
-4.83841792
-8.4043092
-10.49265247
-8.26155081
-5.1068914
-0.65367843
4.20906558
7.47833565
9.83193039
7.87852856
4.97548645
0.85568553
-4.61447346
-7.31404342
-8.57227571
-7.60004511
-5.15896671
-0.11475373
3.316742
6.67536533
7.85204788
7.62016418
4.310688
1.36184364
-3.27189153
-6.89811347
-7.54770049
-6.72539282
-4.69861134
-0.37361686
2.96591978
6.0497658
7.66540167
6.95078398
4.68239853
0.52410274
-3.20037521
-5.28790553
-6.47569668
-6.12029421
-4.38785817
-0.69069672
2.65919451
4.96785593
6.73424764
6.33749727
4.35002811
0.83405708
-1.45661391
-4.58483062
-6.08723398
-5.88772522
-3.44221092
-0.75402538
1.24962345
4.46347403
6.38452472
5.36746929
3.47306226
1.38573459
-1.52928143
-3.84300968
-6.07483545
-5.71142617
-2.86317465
-0.67166867
2.09945622
3.90038488
4.46894818
4.64199664
2.35370657
1.12095057
-1.75339612
-3.8187597
-4.97243653
-4.32632396
-3.27891193
-1.4837685
1.14312573
3.21149275
4.6206888
4.38319434
1.69085974
0.95764716
-1.61815434
-3.41926695
-3.7477703
-4.43228623
-2.42522193
-0.55178983
1.23967391
3.08959962
2.87403929
3.18432206
3.01185263
0.83623954
-1.29182698
-2.75074514
-3.33553851
-3.7016343
-2.10922951
-0.99921227
0.26079897
2.66748416
3.84724358
3.7855431
1.8752882
0.70928217
-1.87236067
-3.27826608
-3.68587713
-3.27187558
-1.91368315
-0.83930331
0.99503421
2.41202902
3.74941014
2.82611145
1.42939347
-0.18728902
-0.48214091
-2.18960546
-2.41622794
-2.47273053
-1.17905263
-0.45325904
0.63746109
2.34781283
2.81667311
2.64282217
0.38728897
0.78757526
-0.3571432
-2.61734442
-2.78334003
-2.39898296
-1.60752678
-0.53649044
0.57949061
2.13485597
2.14665598
1.03507365
1.82132398
0.39758543
-0.60255271
-2.23800969
-2.21490849
-2.01102035
-2.07770797
-1.21103903
0.18260316
1.57000233
2.68321471
1.72920613
2.47096777
1.05060572
-1.24880562
-2.25141793
-1.98234147
-1.61362457
-1.53443371
-1.46065485
0.05724579
1.84599319
1.74449049
1.59456587
1.04940995
0.56571617
-0.3558129
-1.74825617
-0.87748417
-2.16163043
-0.92188649
-0.68945148
-0.38050237
0.89057993
1.16232171
0.87779332
0.54327258
-0.15971931
-0.13211888
-0.82162744
-1.12978533
-1.75738379
-1.28096377
-0.16896314
-0.2562051
0.82483847
1.21453805
2.11179486
0.87718897
0.43074443
-0.19023659
-0.83685963
-2.04122993
-1.12395325
-1.69787215
-0.70197964
0.04383863
0.49409396
1.22876051
1.03557557
0.92564373
0.34295148
0.70169792
-1.21080544
-1.16086257
-1.17353271
-1.21946436
-0.57843071
0.43070367
0.83058045
1.57449673
1.43390586
0.80234626
0.13376234
0.26060927
-0.42389378
-1.66433595
-0.91720559
-0.98068871
0.2026311
0.54152589
1.03760694
0.4194365
0.25737635
1.32740546
0.2354387
-0.2669648
-1.12549256
-1.46323602
-1.27311576
-0.81741273
-0.05954133
0.22499124
0.20210174
1.69848667
0.67319482
0.28911937
-0.16475131
0.01033067
-0.50494617
-0.5707874
-1.15536741
-1.337984
-0.78054631
0.05780041
0.88657022
1.2794006
1.87393821
0.52315091
-0.23313086
-0.04183498
0.43776558
-0.66938939
-1.20153524
-0.20682827
-0.07959079
-0.10400977
0.12455926
0.88465406
0.57212071
0.13889407
0.49785021
0.04864033
-0.59717786
-1.021011
-0.85163627
0.00261399
0.79246246
0.00914135
0.09273937
0.04529404
0.30494157
0.10273837
-0.46127872
-0.43577345
0.31448396
-0.70467427
-0.46383981
-0.12325184
-0.10351281
0.45512129
-0.05125124
0.64348278
0.30606363
0.34056034
0.40103437
-0.33469588
0.05058871
-0.5627827
-0.56958973
-0.24689683
-0.18930073
0.75855394
0.42855989
0.84196169
0.28035638
0.73212757
0.02105803
0.19396295
-0.28146573
-0.52079007
-1.29628575
-0.91593611
-0.08333723
0.00623451
0.77663432
0.42770876
-0.05444867
-0.06053388
0.0405439
0.30264964
-0.4888448
-1.01208078
-0.53259791
-0.36139977
1.10922964
-0.15993316
0.57502491
0.65394866
-0.68008049
-0.11445186
-0.36101806
0.306185
-0.61230765
-0.58219769
-0.21450275
-0.63155249
-0.44024733
-0.84076441
0.2644384
-0.44742196
0.47141121
0.69673207
0.28648455
-0.18006328
-0.13153756
0.0401728
-0.82807766
-1.77861843
-0.59724414
-0.04149338
-0.13280502
-0.33053071
0.28203636
1.10925797
0.33710335
-0.65857769
-0.22833368
-0.4066488
-0.48674823
-0.88525869
-0.94198843
-0.79223405
-0.13822251
0.27638686
0.23024786
-0.46543201
0.28999642
0.16257098
-0.42732748
0.31553554
0.56171522
-0.0657185
-0.51118102
-0.0357961
-0.57578792
-0.66743136
-0.19570371
-0.43366187
-0.03357277
0.02398644
0.40142275
-0.62319535
-0.29552462
-0.09955606
0.32973551
0.28680353
0.18918819
-0.19525729
-0.23444838
-0.08700968
-0.4873814
0.99738468
0.26387208
0.08942144
0.83215925
0.35501034
-0.35528099
-0.27518709
0.08772202
0.15541973
0.44965882
0.35404006
-0.00364572
0.14286056
-0.58544286
-0.1687061
-0.2006753
-0.61872948
-0.23817074
0.17090871
-0.10519409
0.85350274
0.25162841
-0.01141253
-0.47482348
-0.47872416
-0.82032739
-0.45406787
0.10450022
0.00329018
0.17894669
0.70714576
0.34334746
0.39820504
0.55777932
-0.51314132
-0.30729944
-0.0858628
-0.33592689
-0.43868672
-0.32407225
-0.11757054
0.50102
-0.67047367
0.53301832
0.42844314
0.35904993
-0.25643872
0.0569737
-0.32234713
-0.61222043
-0.38495911
-0.6949078
-0.16303925
-0.19093522
0.05239353
-0.6556321
-0.23687974
-0.29142881
0.13784749
0.06171666
0.90038941
0.2020613
0.31965274
-0.33807918
-0.63065032
-0.68048265
-0.3083142
0.30262474
0.40362433
-0.31156748
-0.23000013
-0.21653299
-0.62950818
-0.67175797
-0.4249692
-0.85239504
-0.98419962
0.04901187
-0.77330121
0.19604504
0.59721186
0.10153443
0.23529875
-0.35584086
-0.04772712
-0.2308994
-1.16741521
-0.59252759
-0.13725566
0.02422458
0.06850391
-1.1818889
-0.11994529
-0.14318556
0.11961246
0.07741322
-0.27766096
-0.09295799
-0.01355411
-0.44003154
-0.29492654
-0.42099508
0.2301352
-0.08840641
-0.18624986
-0.15403849
-0.18328621
0.55117425
-0.344621
-0.39787611
0.00155347
-0.41200515
-1.10768468
0.41549149
-0.1604933
-1.33841238
-0.93795098
-0.89444706
0.36786957
-0.5975716
-0.34749877
-1.17423446
0.12847482
0.34681435
-0.31568785
-0.07912901
0.19095148
-0.04053736
-0.3911093
-0.75796294
-0.08468039
-1.07151973
-0.62654113
0.09059883
-1.13769122
-0.38215438
-0.16247179
-0.43954104
-0.59243817
-0.84982376
-1.38036598
-1.34590922
0.02048978
-0.37350225
-1.11921924
-0.50916369
-0.05566471
-0.31547665
0.1379774
-0.43852854
0.56719203
-0.4932236
-0.63443634
-0.82401864
-0.5447845
-1.00344524
-0.3922964
-0.7815449
-0.60449354
-0.27702396
-0.03526766
-0.25699775
-0.04669394
-0.55471907
-0.37650512
-0.17802458
-0.39375692
-0.68123226
-1.36535154
-0.08028016
0.07072767
-0.30018109
-0.70258591
-0.45039832
0.05703493
0.1191138
-0.83784348
-1.0244957
0.07888843
-0.27276484
-0.53069612
-0.92936134
-0.48643158
0.46783302
0.04143257
-0.48998522
-0.31180768
-0.50158237
-0.38062803
-0.59260707
-0.3681411
-0.37616777
0.31892674
-0.47995322
-0.29819005
-0.92087275
-0.18245176
-0.4788481
0.40390231
-0.20017714
-0.44850289
-0.65319113
-0.27759696
-0.24915781
-0.10818589
-0.29689186
-0.25246378
-1.04988286
-0.15869436
-0.82756656
0.22293142
0.56899707
0.33888326
0.30187949
-0.70090035
-0.21550239
-0.72250451
-0.49699936
-0.01628468
0.24122257
0.93080775
-0.50287109
-0.56051344
0.48200915
-0.28788845
-0.19789746
0.01173098
0.6052024
0.13899886
-0.5691701
0.13682526
-0.70969397
0.29629772
-0.50863975
-0.4621465
0.4011944
0.00294416
-0.26294192
0.39207225
-0.09523902
1.25208053
-0.82197261
-0.6922308
-0.19479294
-0.58269778
-0.55631566
-1.18481412
-0.51488469
-0.27291032
0.3477349
-0.52699668
-0.60500353
0.20688059
0.28884838
0.43893561
0.32040985
-0.08413661
-1.07105913
0.02171361
-0.57956527
