0.
0.
0.
1.03068227
-0.24503845
0.59879893
0.19936087
-0.2804714
0.41115732
0.35921976
0.39211072
0.46852113
0.70562717
0.65378375
0.44630953
0.07814822
0.33923016
0.40712768
0.46672011
0.07888303
0.88415834
0.91221228
0.68948888
0.77649675
-0.33548216
0.43924932
-0.32008555
0.66957862
0.90798553
0.30788584
0.70346177
0.52896792
0.94672409
0.56847249
0.50564819
0.26046526
0.70133692
-0.17337133
0.05619521
0.50027031
0.63912418
0.24483439
1.877917
0.93649612
0.26988442
0.88295222
0.47517787
0.92275704
0.36618686
0.66852755
0.76785304
1.47366638
0.37637196
0.26014447
0.89513071
0.85127824
-0.14029563
-0.07284761
-0.01508184
0.85721905
-0.02012852
1.03793936
1.33546532
0.57728546
1.18023578
0.60559487
0.35107221
-0.29004973
0.77940228
0.69899246
0.94322559
0.71031687
1.0333829
1.45497798
0.66527804
0.47728349
0.56946563
0.63183452
0.000453
-0.12501453
0.16494948
0.84036735
-0.09189094
1.60965102
1.28740386
0.65814809
0.40947415
-0.11654403
0.7548327
-0.19538795
-0.26706361
0.29231969
0.83542718
1.61553545
0.31748835
0.72742457
1.08317589
0.08675531
0.19066692
0.70635962
0.71314314
0.92929952
0.57030752
0.45651515
0.54143117
0.29986905
0.27841802
0.79797911
-0.66349221
-0.0498334
0.21567393
0.64983587
-0.40207688
0.86953244
0.76578641
0.59672331
-0.64613619
-0.01410057
1.00791707
0.24087925
0.40740701
1.44079115
1.1787987
0.3473403
-0.42677443
0.00611093
-0.34417466
-0.15805798
0.28311854
0.97783016
0.82982285
-0.24599941
0.3815122
0.22039119
0.09462965
-0.73221421
-0.52562771
0.93143399
-0.00238348
0.37674606
0.54693148
0.73871423
-0.24348663
-0.28136295
0.72257999
0.11678306
-0.05360084
0.1287071
0.62364097
0.95516506
-0.9071709
0.05299232
0.76109027
0.31115626
0.43311923
0.08914818
1.22750452
-0.30855234
0.47425811
0.70337323
0.49079369
0.30803834
-0.06189274
0.09685059
-0.28261407
-0.04299828
0.32156583
0.11494938
0.17269632
0.16642435
0.26669493
0.09381587
0.12747526
0.42262531
0.75189118
0.31717148
-0.28002998
0.57412576
0.39974207
0.19804743
0.33491595
0.712903
1.42566741
-0.14002816
-0.33802438
0.27243001
0.37693556
-0.60243794
-0.00759211
0.8252729
1.26902194
0.03330974
-0.40049599
1.19560073
0.54089415
-0.11526894
0.29325293
1.08587256
0.72851809
0.16025116
-0.59347254
0.53495861
0.28550831
0.35875321
1.25648873
0.79144343
-0.12644148
0.13785995
1.42052712
0.2778153
-0.03985633
-0.18457164
0.47737981
0.23978039
-0.19246406
1.40368059
0.8027143
0.05645642
0.08040424
0.42760354
0.13634232
-0.34199279
-0.10654673
-0.46661991
0.17178568
-0.41406919
0.23616797
0.53878681
1.0604622
0.53531744
0.34501767
0.47525756
-0.28850688
0.81019217
0.79911461
0.17245634
-0.61407258
0.14388592
0.98287627
0.63048779
-0.37414666
0.28504512
0.89032239
1.17096149
-0.14226602
0.67562287
0.12843441
0.81528891
0.68240784
1.09952096
0.10935627
0.08103804
0.5282994
0.994272
-0.12913277
-0.40523481
1.08786177
0.67253786
-0.30950731
0.19691065
-0.223228
0.29407137
-0.45429711
0.44067149
0.56906359
0.64293215
0.79691634
0.72354778
0.57000813
0.92834262
-0.43816777
-0.05885769
1.04886587
0.32124234
-0.44965394
0.33437682
0.62931829
0.1559749
-0.1383746
0.55834903
0.80665521
0.98145243
-0.15424329
0.55397302
0.86712603
-0.14140061
-0.02802591
0.58538717
0.81095171
0.24332505
0.17787101
-0.34992426
0.18886671
-0.44865579
-0.13705889
0.99129867
-0.1969263
0.38457233
0.8197108
0.80738564
0.45765719
0.92166422
1.27713225
0.45267859
-0.07364514
0.39791515
0.231213
0.60985708
-0.32720535
0.59596683
0.64700522
0.53909537
0.48426272
0.91655127
0.89251328
0.91174794
0.70681171
0.65434691
-0.17993439
-1.14558921
-0.76607846
0.27357363
-0.12623806
0.13445098
0.75085399
1.72159626
0.91042405
0.3575783
0.34287811
0.0335998
-0.53994058
-0.25530126
0.28099106
0.95310283
-0.20923575
0.09914149
0.77321443
1.44405156
0.17124904
0.66894606
0.33840192
-0.9140541
-0.88576101
-0.02951697
0.47246834
-0.20350852
0.89661491
0.37114743
1.02877876
0.84068607
0.32160269
0.43853194
0.63869881
-0.08464189
-0.06036685
0.09568913
-0.18561668
-0.99150422
0.25340768
-0.08726392
-0.49855898
0.37588322
0.72472582
-0.07444117
0.13119379
0.24294866
1.53664478
0.67913812
0.51335764
-0.15108654
-0.19428316
0.05347621
0.5422161
0.77634342
1.04736581
0.38029953
0.77808109
0.1499446
0.19133119
-0.38453376
-0.29031579
-0.36760953
0.57172541
0.66524546
0.67958033
0.81827238
-0.04672504
-0.4266956
0.52189902
-0.15366608
0.42050813
-0.16766007
0.70796385
0.68697298
-0.56578721
0.55469889
0.41176442
0.04335746
-0.02489557
0.85449859
-0.308072
-0.13232267
-0.21176355
0.92832434
0.29892681
0.10525173
-0.17028337
0.24838986
0.37311565
0.01409001
-0.11001189
-0.13622386
0.44005646
-0.68682507
-0.29305938
0.07768995
0.12445466
-0.33641491
0.64169233
0.32701841
0.02612575
0.2178278
0.29141507
0.30371691
-0.57343639
-0.58028229
1.03879341
0.20151945
0.01841215
0.64888831
-0.05609053
0.2123509
-0.18026338
0.66347512
0.15189431
-0.47182831
-0.92114121
-0.36481503
-0.23015976
-0.71213379
-0.61747483
0.158615
1.06906781
0.52453326
0.13937704
0.72950554
-0.00068025
0.08825431
-0.10482544
0.29205675
0.07206131
-0.35460035
0.21256117
0.44508102
1.16471547
-0.1493557
0.61761611
0.4203839
0.49464952
0.82672119
0.27537737
0.25376685
0.49676642
0.80515093
0.18311297
-1.1061077
-0.73126173
0.05160244
0.82271511
0.44033131
0.16539795
0.92235249
0.63683903
0.42758242
-0.17592731
0.5255931
-0.08681861
0.27623962
0.31238364
0.29872949
0.32243923
0.7779417
1.22753594
0.67793108
-0.06461776
-0.17330226
-0.03366121
-0.03889806
-0.31600848
0.17464185
0.24701885
0.56831347
0.37091687
-0.12438264
1.22889217
-0.09442445
-0.45580346
-0.13131956
0.23071733
-0.01757668
-0.60074521
0.62141325
-0.06299892
-0.11212914
0.35113483
0.86808174
0.57718704
0.21866071
0.95202788
1.3677265
-0.31575433
0.25025411
-0.10678959
0.25558137
0.00896052
0.3293886
0.2984349
0.73231963
0.2847428
-0.08403621
0.26329543
0.56711256
0.15744879
-0.09877615
0.24509374
-0.45175018
-0.59768377
0.49556702
0.28154463
0.2103783
-0.4190523
0.53881453
0.27895858
-0.00397405
-0.35734336
0.23715244
0.38850977
0.08771402
0.6350569
0.84905203
0.57971824
0.08914519
0.05409001
0.67476161
0.26791822
0.06790123
-0.29492627
-0.55560087
0.42756357
1.00419985
1.47687442
1.78170081
0.40577393
0.01440597
0.35646755
-0.07755959
-0.29038022
-0.6002294
0.32067579
0.54581515
0.08327977
1.17281321
0.99530764
0.41389952
0.65070976
-0.00135607
-0.55231719
-0.32791206
0.13507683
0.19889813
0.31520227
0.08335694
0.84261796
0.67816254
-0.19020236
0.3659678
1.23800478
0.21339937
-0.47466494
-0.61257227
0.70529741
1.17100851
0.04422034
-0.14822502
-0.31148837
0.29709055
0.0852441
-0.28140843
0.27159255
0.24563596
-0.14816003
0.05663135
0.18932297
-0.44770857
-0.19846461
0.72656356
0.14163975
-0.83502026
-0.005
0.45274378
0.06591855
0.10644177
0.72713325
0.27540299
0.51340289
-0.29508924
-0.3187419
0.72728052
-0.65919894
-0.36743201
-0.09867479
1.56576643
0.12968248
-0.83361411
0.13907764
0.02762919
0.39344032
-0.33029257
0.46361216
0.04631313
-0.19790109
-0.50555923
0.45793147
0.06819293
0.09709726
-0.92286359
0.65248314
0.60818303
0.07966238
0.12580232
0.08491668
-0.51333776
-0.30306031
0.46847531
-0.15610512
-0.57108076
-0.35073552
0.44521746
-0.56956451
-0.48989517
0.18270209
0.92194803
0.012722
-0.06464606
0.45796602
0.03840097
-0.1648732
-0.35889136
0.37919277
0.366474
-1.04282998
-0.07659177
0.52946946
0.83640123
0.44170723
1.12892731
0.39863718
0.19997543
-0.10218703
-0.36049587
-0.28343221
-0.86486714
0.14658202
0.75850831
0.28503118
0.28650893
0.9384842
0.92470023
0.12792795
-0.4081556
-0.27318195
0.47513975
-0.4271499
-0.56707486
0.78790897
1.07091172
0.01419919
-0.1548856
0.69131552
0.3044262
-0.51414447
0.40011632
0.04635938
0.11249639
-0.11515028
0.1695948
0.18577923
0.01144889
0.34270282
-0.00158985
-0.45117464
-0.00135632
-0.411707
-0.27883315
0.09673881
0.23903839
0.73436131
0.68049135
0.20384057
-0.2004068
-0.19550875
0.35886872
-0.13422784
0.23469003
0.99914158
0.32900457
0.21361948
-0.49360063
0.17633137
0.55913627
-0.80397839
0.03579399
0.15283617
-0.42112362
-1.36144341
-0.18295863
0.60768734
0.261111
-0.31521262
0.14825573
-0.03440886
-0.02665202
-0.45598865
-0.08384751
0.54737234
0.02293721
-0.25974309
-0.00807578
-0.04075234
-0.17110745
-0.36548033
0.41612556
0.13829759
-0.47462895
0.66511924
0.01336588
0.02343079
0.08137543
-0.24993328
-0.71752477
-1.10143494
-0.15814091
-0.25206188
0.41709633
0.28195687
0.21013398
0.14898552
-0.35095492
-1.37677549
-0.28181872
-0.19598622
-0.44934043
-0.45088232
0.03487555
1.2523137
0.08919472
0.33838315
-0.24834958
-0.70178502
-1.44116736
-0.09430946
0.16122342
-0.35088031
-0.63815698
-0.24181868
-0.16601391
-0.23932479
-0.26421718
0.63047592
0.42863696
0.05816028
-0.16970348
0.2332041
-0.45813749
-0.71720872
-0.02642822
0.34940709
-0.10576872
-0.95563873
0.85400331
0.9987341
-0.64852032
-1.08248591
-0.26540534
0.29681636
-0.52984349
-0.64521995
-0.79438218
0.04423361
-0.49703335
0.54182288
0.95755548
-0.28011403
-0.43872996
-0.14384924
-0.14674017
-0.17953085
-0.31676482
-0.64119873
-0.45611518
0.39193435
-0.6681391
0.30376597
0.33196209
-0.19663347
-0.18556229
-1.07560067
-0.42259178
-1.19806757
-0.83743949
-0.40857537
0.03190402
-0.53556364
0.49827559
0.01791333
-0.24690925
0.0733626
0.31825506
-0.24845915
-0.71515583
-0.67028544
-0.57213129
-0.09772735
-0.47382701
-0.4666056
0.59032075
0.77380228
0.88421857
0.809845
0.34224529
-0.70067027
-0.54761874
-0.51458228
-0.3122898
-0.66266309
-0.50215072
0.26653854
0.62992091
0.57833989
-0.32802371
-0.67180612
-0.21750035
-0.01452857
-0.62073216
-0.26864923
-1.31633747
-0.42639567
0.79418953
0.58781751
-0.23164834
-0.81208299
0.08402253
0.47768342
-0.8984567
-0.61561147
0.03365021
-0.26327283
-0.06181222
0.23799693
0.06145466
-1.01722099
-1.13816017
0.59934498
0.47673371
-0.17813277
0.24776382
0.49016248
-0.04383672
-1.05371383
-0.30384499
0.21085149
-0.25465758
-0.876463
-0.64955487
0.06317005
-0.44145987
-0.54460263
0.24947569
0.17906274
-0.63307949
-0.55893469
-0.41780115
-0.52046583
-0.48119999
-0.67018275
-0.22806933
0.71278298
0.75798271
0.08068344
-0.20179495
-0.49138448
-0.5077798
-0.11410162
-0.56762821
-0.13934586
-0.65435934
-0.04490355
0.05960856
0.20570602
0.46708422
-0.15918835
-0.32648595
0.3244653
0.34500805
-0.53048136
-0.44166524
-0.43132295
0.65957622
0.09165627
-0.25063916
0.34609146
-0.49332735
-0.22104818
-0.44273799
0.24182294
0.57619061
-0.10674867
0.15902478
0.6175028
0.48028898
-0.65721146
-0.45788391
0.2011016
-0.0123829
-0.27936835
-0.33842853
0.82770578
0.75415104
-0.05944038
-0.02621094
0.37637128
-0.522909
-0.50430046
-0.16307292
0.36412425
0.22349928
-0.1969377
-0.45956283
0.36575264
-0.22241934
-1.22377346
0.13146641
0.37685424
-0.56501576
-0.14939233
0.48803696
-0.12220584
-1.19954029
0.28059267
0.98697994
-0.18487306
-0.69242104
-0.09447227
-0.18937101
-0.02265481
-0.61987858
-0.19777964
0.5000008
-0.11288337
0.21540281
0.16046882
-0.26174079
-0.52643561
-1.21678507
-0.64761156
-0.23881922
-0.9654148
-0.67060303
0.87834194
-0.20498998
0.09025959
0.60971604
-0.30938471
-0.19044671
-0.74649989
-1.0786552
-0.43026559
-0.39711416
-0.9648614
-0.50890458
-0.18259301
-0.18670458
-0.06119718
0.06915284
0.85873443
-1.04925876
-0.22545613
-0.0091807
-0.15894718
-0.65149241
-1.15238875
0.50965285
-0.99729606
-0.69675877
0.4409734
-0.30730306
-0.30946198
-0.60565999
0.29093736
-0.49402129
-1.96109739
-0.88107817
0.11207063
-0.17301078
-0.73631282
-0.851303
-0.46745373
-0.5525392
-0.08338171
0.28150313
-0.33025933
-0.66996213
-0.30248139
0.56033264
-0.67111589
-1.36217714
0.06857911
-0.48995393
-0.24225524
-0.12457119
-0.39887902
-0.19581778
-0.17269594
-1.35028027
-0.84797629
-0.82123125
-0.16403252
-0.79340863
-0.58134882
-0.59262253
-1.51078707
-0.15001651
0.35644607
-0.28153067
-0.56891227
-0.55640466
-0.15577343
-0.18198229
-0.26292929
-0.01598628
0.09836333
-0.58375936
-0.38613069
-0.26169243
-0.49590615
-0.82780044
0.39448632
-0.73122998
-0.60665656
-0.81466528
-0.43117062
-0.38868578
-0.73247287
-0.72989162
-1.10464605
-1.03166142
-0.43422303
-0.61232016
-0.20402765
-0.70772453
-0.6621045
0.60763627
0.78871603
-0.40407883
-1.18919644
-0.84466976
0.06805723
-0.47004375
-0.12723291
-0.3286122
0.07532302
-0.94715783
-1.01884146
-0.4156145
-0.1759609
-1.2537611
-0.97722345
-0.26590244
-0.61491872
-0.89908345
-0.31245875
-0.39409849
-0.69869288
-0.25632402
0.09940736
-0.50919889
-0.30549867
-1.38588614
0.07382298
-0.24127854
-0.88452354
-0.27975664
-0.00637255
-0.64148966
-0.71100042
-0.05688414
-0.09143478
-0.88563888
-0.05296059
-0.40537097
-0.80985458
-1.04202312
-0.443072
-0.2790382
-0.03316562
-1.22276378
-0.36464535
0.55248266
-0.17847625
-1.39454846
-0.81673611
0.09241966
-0.55076523
-1.59122911
0.0500801
0.23171481
-0.54983919
0.08627835
0.76166137
0.09111053
-0.10523752
-0.73990012
-0.41202384
-0.15104293
-0.44498094
-0.66832604
-0.71427674
-0.55255656
-0.58264115
-0.25907187
0.0537548
-0.36933174
-0.63102574
-0.03145723
-0.93126683
-1.35066424
-1.12479638
-0.24647261
-0.199595
-0.28658971
-0.58558011
0.7239522
-0.26478904
-0.65329818
0.0441862
-0.40410892
-0.99985507
-0.66204505
-0.36721889
0.09006112
-1.46345886
-0.80292148
1.00831606
-0.12891555
0.44858455
-0.85040164
0.25246735
-0.37911704
-0.64672599
-0.58974739
-1.17441441
-0.92785443
-0.79234075
-0.53079995
-0.2796721
-0.532245
-0.37779495
-0.07815762
-0.25006143
-0.93478403
-0.58612644
-0.15706712
-0.83301994
-0.7336733
-0.13381258
-0.06399104
-0.54552182
-0.00501087
0.49517216
0.19428392
-1.21341813
-0.79985618
-0.73730416
-0.42648099
-0.81471165
-0.84273048
-0.0893847
-0.09061698
-0.81132408
0.49666669
0.13116704
-0.55862743
-0.27089554
-0.15668824
-0.15463743
-1.05567448
-0.59667825
-0.55439075
-0.41446072
-0.87583624
-0.4254282
0.37029286
-0.13678988
0.37848265
-0.46070364
-0.32119522
-0.48349122
-0.28786917
-0.05929454
-0.19886902
-1.0150228
-0.58936218
0.17070803
-0.00975692
-0.88943568
-0.44042003
0.16957276
-0.46748992
-0.43943282
-0.81460654
-0.35074811
-0.46037182
-0.24735858
-0.44882448
-0.16111581
-0.28980236
-0.60697043
0.91643195
-0.15720197
-0.25924802
-0.1302162
-0.59151763
-0.49033743
-0.87516366
0.27895055
-0.16453874
-0.78296566
-0.06493377
0.19822065
-0.27604884
-1.46852899
-0.70822502
-0.18656103
-0.55468651
-1.55614202
-1.16779015
-0.4257587
-0.18010816
-0.68646323
-0.32043169
-1.06376974
-0.79338215
-0.79881262
-0.66166372
-0.62778401
-0.41589746
-1.11184463
0.38910701
-0.91027042
-0.50570801
-1.41042436
-0.9954633
-0.51726195
-0.36364976
-0.35803509
-0.34516821
0.5681941
0.0066013
0.0543086
0.54876682
-0.7858574
-0.88509149
-0.58045308
-0.67250013
-0.27118256
-0.42913801
-0.065985
-0.68412009
-0.186439
0.40253767
-1.07820841
-1.07508222
-1.45485758
-0.58034574
-0.38819377
-0.5586581
-0.53654971
0.30668401
0.26465672
-0.59208679
-0.32469929
0.32791309
-0.16966513
-1.13349644
-1.39853712
-0.22448157
-0.93342345
-1.20700155
-0.52343198
-0.23078139
-0.97918521
-0.94915564
-0.02183069
0.17856988
-0.58525936
-1.00995585
-1.09460413
-0.63467971
-0.48166566
-0.63299614
-0.55401965
0.78732186
-0.32884183
-0.4875896
-0.85654422
-0.5538104
-0.68928913
-0.26032636
-0.16537717
-1.24398823
-0.70664331
-1.30416143
-0.65084079
-0.20946637
0.40793041
-0.66759882
-1.07192834
-0.37389031
-0.56429171
-0.1683629
-1.41725057
-1.56091089
-0.2042941
-0.0294047
-0.14021808
-0.65222796
0.35730722
-0.42621423
-0.46436916
-0.76076394
-0.44822001
-0.69769496
-2.18117042
-0.61641707
0.51977911
-0.28862093
-0.88858385
-0.12162609
0.3177053
-0.74192976
-1.3153615
-0.09375674
-0.6473562
-1.03694805
-0.80699207
-0.91177479
-1.148506
-0.25016129
-0.38626109
-0.33939512
-0.14296886
-0.16369599
0.01891147
0.22266121
0.06672607
-0.74131572
-0.37077776
0.09571824
-0.44918042
-0.08224288
-0.71686274
0.09001608
-0.42159
-0.41088098
-0.49594889
0.25084129
0.19566787
0.76797303
-0.6360048
-0.61612483
-0.15617453
-0.49953494
-0.41203611
-0.92015397
-1.15746837
0.3415474
0.16648637
-0.75350555
0.25193206
0.44763609
-0.67834373
-0.4158386
0.1914472
-0.33684356
-1.18450615
-1.39658093
-0.10679204
0.33562738
-0.60546585
-0.50990631
-0.65312205
0.38723438
-0.65964945
-0.07300121
-0.58981326
-0.94861261
-1.60577316
-1.05288063
0.00216978
-0.66079867
-1.04251378
-0.33191889
-0.55962516
-0.61634421
0.01829183
-0.75828919
-1.02175462
-1.37818876
-0.71531753
0.62992512
0.1460471
-0.35938385
-0.54961647
-0.45122246
-0.48405861
-1.42377388
-0.20468264
0.23512906
-1.46290948
-0.92939656
-0.10346132
-0.38564976
-0.64777463
-0.4481151
-0.36083896
-1.24545638
-1.07076276
-0.48006589
-0.357514
0.1718161
-1.03847388
-0.23755207
-0.62974481
-0.83397271
-1.24922484
-0.6304967
-0.39419198
-1.26307741
0.41432055
-0.06733115
-0.81437958
-0.75622495
-0.1325256
-0.12934196
0.51942948
-1.52548409
-0.7171988
-0.3585713
-0.8490648
0.01788077
-1.05259888
-0.53588939
-0.65832621
-0.79963181
-0.36163755
-0.82198651
-0.84388511
0.04736786
0.03720263
-0.85789826
-0.87155922
-0.24588954
-0.39053599
-1.04773338
-0.92982664
-1.71769337
-0.80490812
-0.52546367
-0.42337965
0.79048577
-0.59924148
-0.58047038
-0.9827392
-0.139677
-0.24579488
-0.93476323
-0.1742405
0.14626444
-0.72778941
-0.97712558
-0.37001631
-0.22499697
-0.88235405
-1.20745484
-0.5922715
-1.06466112
-0.91066513
-0.36472648
-0.56537035
0.0362235
-0.55753731
-1.08512735
-0.80470528
-0.09514722
-0.84372372
-0.90492605
0.37954556
-0.85650429
-0.45786483
-0.44833905
-1.18507271
-0.53019733
-0.08619042
0.02095692
-0.93033423
-0.62215246
-0.60440821
-0.93431528
-0.73824557
-0.88106574
-1.08718512
-0.99861482
-0.37386059
-1.41579929
-0.01330039
-0.34801063
-0.80420471
-0.25891415
-0.41878341
0.11084501
-0.50530367
-1.09819806
-0.67464965
-0.58906127
-1.08058632
-1.27841903
-0.11205514
-0.81775433
-0.73460402
0.40120241
-0.99284897
-0.79413464
-0.23106451
-0.08289279
-1.11903009
-2.01513565
-1.01999034
0.32026698
-1.16766433
-1.08884869
-0.22370062
-0.17796297
-0.82383539
-0.67401158
-1.00797504
-0.52696257
-0.38964761
-1.13592808
-0.86133829
-0.84931468
-0.85872207
-0.21907875
-0.91507089
-0.52017811
-0.75481431
-0.96712095
-0.5048668
-0.78867646
-1.06051924
-0.80624483
-0.93165593
-0.52223388
-0.55554526
-0.20970556
-0.3170945
-1.19159111
-0.4068039
-0.58680531
-1.25572338
-1.51734927
-0.9320455
-0.44427576
-1.14177219
-0.8909935
-0.6675984
-0.13333257
0.28645273
-0.14458214
-0.24939361
0.24367976
-1.22800128
-0.2429625
0.16233345
-0.40392291
-0.70611767
-0.82664967
0.15587118
-0.84047485
-0.01311316
-0.8864663
-0.92129174
-0.4511306
0.02643128
-0.66720645
-0.57251715
-0.76391576
-0.90489119
-0.06468576
-0.95775472
-1.02609873
-0.19363508
0.38256405
-0.34832759
-0.96591852
-0.35233499
-1.08688369
-1.06682195
-1.95710376
-0.73703862
-0.1206319
-0.95175429
-0.19364675
0.63490727
0.16369445
-0.66173305
-0.64537277
-0.65459123
-0.02411179
-1.58647817
-0.68647917
-0.37534977
-0.09513353
-0.09928127
-0.2421638
0.27100855
-1.14683546
-0.85600486
-0.48229631
-1.07547879
-0.27398893
-1.05328097
-0.42099185
-0.34100459
0.07055994
0.68400902
-0.96971404
-0.16017684
-1.27197319
-1.21802583
-0.56844875
-1.08405304
-0.45498932
-0.26353002
-0.72819451
-0.59015457
-0.01810613
-0.5378148
-1.05788066
-1.13440284
-0.65915186
-0.64247869
-0.84727329
-0.50950864
-0.45361272
-0.9217245
-2.04668407
-1.09966691
-0.51985916
-0.34498903
-0.36116556
-0.17725326
0.28397985
-0.30824012
-0.64966027
-0.72783574
-1.22535478
-1.40515801
-1.64072512
-0.60397755
-0.75008183
-0.42946655
-0.55502026
0.57531399
0.34559709
-0.68074689
-1.31375802
-1.66930715
-1.27590359
-1.54666524
-0.44114936
-1.00763124
-1.24135811
-0.88661763
0.30425068
-0.36376925
-1.68283069
-0.94922927
-0.3369563
-0.8975475
-1.67192826
-1.0826656
-0.42951394
-0.92958811
-1.43700504
-0.40666519
-1.02105456
-1.14602229
-1.24339717
-0.59398986
-0.42627932
-0.87418494
-0.67174727
-0.84136542
-0.17876006
-1.81489921
-1.8049825
-0.84825181
-0.80249171
-0.71434757
-0.36468966
-0.62525983
-1.10096879
-0.945869
-0.67183308
-0.72124429
-1.30942907
-1.24213004
-1.05558429
-0.26594176
-0.75415694
-0.45558069
-0.06600135
-0.74165452
-1.41395445
-0.65392134
-1.36242331
-1.45281292
-1.10187935
-0.63162892
-0.14336739
-1.54906197
-1.10163754
-0.84825909
-0.35305894
-0.59461289
-1.70127984
-0.35023012
-0.55074655
-1.15840168
-0.90683575
-1.1123094
-0.67401605
-0.57490233
-0.32866864
-0.06085144
-0.23674521
-1.37311516
-1.76430097
-0.74880348
-0.86705775
-1.21267858
-0.92426736
-0.29335238
-1.16410156
-0.78614691
-0.17473312
-0.2894172
-0.89542681
-0.92597889
0.06218416
-0.50055848
-0.86115145
-0.97208066
-0.61174368
-0.55327822
-0.23070557
-1.21385681
-0.94454186
-0.61353839
-0.40325436
-0.56416062
-1.09663025
-0.93542975
-0.06736617
-0.49892927
-1.25277687
-0.79160354
-0.91685867
-0.15910747
-0.87307388
-0.24842879
-0.31991345
-0.75509093
0.01890046
-0.93883763
-0.44603086
-1.50380532
-0.97342445
-0.48741836
-0.00903628
-1.02724234
-0.36224854
-0.49098444
-0.36044633
-0.12372293
-1.23002686
-0.59476322
-1.06783149
-1.02083247
-0.63504358
-0.18506847
-0.04045329
-0.75434765
0.06890185
-0.09942238
-0.57245663
-1.03527755
-0.4631333
-0.24608553
-0.94282
-1.14002689
-0.64564155
-0.3471786
0.06062589
-0.04728415
0.85846862
-0.66534815
-0.56081642
-0.1533754
-0.3141732
-0.84561956
-1.13582617
-1.06331271
0.25786871
-0.42484577
-0.2494317
-0.34299753
-0.18869162
-0.97093439
-1.42624643
-1.81526288
-0.76773674
-0.65729212
-0.41917274
-0.05858443
-1.66132437
0.32943953
-0.0671596
-1.20091063
-0.91220199
-1.06888592
-0.29033393
-1.45095335
-0.94700971
-1.35697055
-0.1280343
-1.0132097
-1.04092757
-1.21139494
-1.04640978
-1.77008552
-1.21013922
-0.72506835
0.18131599
-0.56934315
-1.08580153
-0.31561354
-0.08156513
-1.41733764
-1.45741445
-1.82207213
-0.59952682
0.73150625
3.53211353
5.38411685
2.73012808
0.00086183
-2.19392925
-5.43090351
-7.33252297
-7.24048284
-5.1839537
-1.90017901
1.28258612
5.01142946
6.96560255
7.04795531
4.2540808
1.45902114
-1.674326
-6.55611969
-8.88616766
-8.22995896
-5.7296624
-2.73431977
0.05148145
5.14703867
7.75120669
6.70126561
4.96864982
2.2813343
-1.0464197
-5.053563
-8.24672512
-7.83067226
-5.62499594
-3.5232161
-0.37326133
3.86325334
6.95416079
5.998223
4.6912527
2.41009811
-0.17276916
-4.80951143
-7.45347745
-7.41422426
-6.0462175
-4.01834167
-0.51952035
2.40987379
6.00843485
6.22186412
4.53925547
2.42008217
-1.07170614
-3.33672872
-5.99716411
-6.89740216
-5.47098243
-3.43892879
-0.36883237
2.62120942
3.91097884
5.11090165
3.99527811
2.08181352
-0.54263465
-3.35496833
-5.61412905
-6.47793054
-5.23469103
-2.77186061
-0.67173278
1.47410006
3.56454014
5.02120574
4.19005345
1.89868746
-0.6244659
-3.21969347
-4.68927452
-5.48148437
-4.34459811
-3.02644285
-1.36669112
2.16671942
4.08768439
4.07264707
3.19478008
1.770332
-0.84468454
-2.39502667
-4.41157618
-4.8179627
-4.32160838
-2.79883277
-0.18833659
1.40778298
2.93065697
3.28088981
1.60733927
0.8291777
-0.38884129
-0.1890432
-1.74015533
-3.16587275
-2.37864388
-2.10230547
-1.64809085
-0.86969801
0.51265522
1.42106586
1.48720353
1.85589114
1.06938234
0.27692539
-0.71493924
-1.60110812
-2.37043409
-2.26320113
-1.82762952
-1.06666148
-0.37184435
0.40173729
0.65290313
0.63138137
1.44299406
0.41753111
-0.10701648
-1.64663378
-1.84488338
-1.42307181
-1.75788966
-0.80269492
-0.15717731
-0.54124106
0.32675328
0.7071899
0.93201087
0.99878525
-0.70040066
-1.4168369
-0.23867043
-1.65078185
-1.98214959
-0.569456
0.13714331
0.00289308
0.31842446
0.36013153
0.66189866
0.63020406
-0.63002203
-0.20615472
-0.68959603
-1.41376812
-1.58783794
-0.95572373
-0.16274021
0.07361519
-0.17183526
0.65365082
0.31152393
0.18991927
-0.46289575
-0.88966568
-0.3782316
-1.04516239
-1.07332271
-0.72883228
-0.87916839
-0.46387021
-0.08968312
0.73655975
0.13978572
0.53373197
-0.29571234
-1.18452053
-2.2554292
-1.7591725
-0.73524171
-0.34177093
-0.47698729
-0.30608206
0.43134201
0.15471612
0.0040515
0.034405
-0.63806681
-1.40420992
-1.04347179
-1.40701317
-0.37839723
-0.6613707
0.17908895
-0.35469142
-0.582636
0.38995048
0.05030108
-0.30211262
-0.92304598
-10.00973493
-16.0625888
-11.86876324
-6.22989942
1.15544772
7.29580198
17.08856739
20.70513535
13.10757025
5.86734403
-1.1258182
-8.57443799
-21.04177093
-26.66895206
-16.58405658
-8.45718021
-1.60218948
6.78507231
18.85412884
26.4379807
16.99686082
8.96057922
1.4942214
-6.72290222
-18.40497465
-27.43324485
-18.48179318
-10.44292524
-3.33660843
4.57002255
16.13909886
25.82462858
18.16009326
10.47417399
2.94217496
-5.42303717
-16.43704516
-25.38851996
-19.21044512
-11.52825527
-4.0066446
3.62779467
13.79318163
22.67637664
17.1008626
10.10600141
3.53787109
-4.30263895
-13.8915103
-22.42389395
-17.75591461
-10.78087275
-4.21320149
2.67745806
11.88067466
19.69400465
16.77478546
10.12926249
3.53161718
-3.94868486
-13.17875393
-20.12185162
-17.30324925
-11.12977619
-4.83282678
2.77430499
10.66352762
16.97021573
15.5282806
8.93420261
3.14808971
-3.25567885
-10.75168708
-17.50733281
-16.03090603
-10.40950926
-4.80667428
2.62526688
9.70909543
14.97147784
15.00039303
9.84745941
4.11103607
-2.63866815
-9.87743305
-16.15827775
-14.64437743
-9.72495894
-4.47527934
1.79577842
8.95188815
14.77260072
13.81705608
8.98046696
3.14310635
-2.39841998
-8.83922016
-14.03026905
-12.97594876
-4.98716166
15.41294086
29.87455563
22.06984454
13.66188614
3.80545418
-9.54613434
-32.24126981
-33.85239892
-23.07263952
-12.61883356
-2.56350842
14.91095963
41.20991533
41.59721625
26.63873522
15.64662628
4.38753946
-12.925096
-39.55505097
-43.76666927
-28.50672283
-17.39325626
-5.17580339
11.51312468
37.45670962
44.88340146
30.29450992
19.43282545
7.28315491
-9.68252654
-35.04844452
-44.40977919
-30.20302444
-19.35407933
-7.78224498
8.71832743
32.24953994
43.0923308
31.34290641
20.77824249
8.16780577
-7.90155017
-30.31785069
-40.65737167
-30.24850771
-20.46589426
-7.8793745
7.59753282
28.16818261
38.89835871
30.4034173
19.98081845
8.58565466
-6.05841896
-25.65903387
-37.00708942
-29.86990569
-19.66376339
-8.36244742
6.12354091
25.17224663
35.09857719
29.31184459
19.2133952
8.35768032
-5.60564988
-22.97253124
-33.29565321
-28.20109038
-18.82014798
-8.03867554
5.36708312
21.85048663
31.61465052
27.55107957
18.24833951
7.78388401
-4.72966064
-20.70953198
-29.10438844
-26.9189423
-18.21852633
-8.07864167
3.98906126
17.44002557
26.54167127
24.89402804
17.2954206
7.27633158
-4.10409365
-18.3385821
-26.765599
-24.33308636
-16.8939773
-7.66149812
2.89599154
16.21666901
24.36249226
22.5851151
14.82980905
-13.25010089
-36.38520855
-32.29972241
-25.24373064
-16.8664526
1.44910804
29.06926153
39.41024826
31.4749932
22.09891366
12.52665915
-8.41953358
-39.43807069
-50.25219274
-36.55097938
-25.57851452
-15.07892176
6.40079632
37.02916836
49.82752694
37.87338023
26.60597176
14.39297868
-6.94767997
-38.03425011
-51.55576433
-40.2884089
-29.59988704
-16.6717976
3.7756571
32.6668933
49.99725928
39.41093328
28.53424457
15.93914948
-3.95959636
-31.16444063
-48.00763673
-41.28251639
-31.43684061
-17.787044
1.34046197
26.98432218
44.89205137
38.27272644
29.187874
15.95805782
-2.528368
-27.50157911
-44.56513436
-39.11366535
-29.80587124
-16.89582165
0.23213435
22.81709559
40.14360999
36.49447921
27.70568977
15.44509992
-1.75318871
-23.66613978
-39.01733872
-37.3465641
-28.59556611
-16.69061677
-0.68307134
19.61293254
34.61187954
34.00570121
25.61565896
15.18670551
-0.78824156
-19.36562166
-34.24132563
-34.51586746
-26.44347846
-15.53473601
-0.53338818
17.66939752
31.26725504
32.09765104
24.48193426
14.44240093
-0.56804843
-16.67876423
-30.15968853
-31.50603633
-24.72187046
-14.29331694
-0.71751711
14.75250864
27.33114192
29.19190688
22.90973246
13.50455624
0.58900772
-14.47445957
-25.9724427
-28.94446324
-18.26258855
-1.72560293
14.99908417
16.74084438
15.60197889
18.75680045
8.36920578
-6.31705689
-15.5971515
-15.21706054
-13.14510206
-14.23211893
-2.81152731
11.76650709
19.68385142
16.20157911
13.29126334
11.6616742
2.02799566
-12.68241525
-20.9110528
-17.12644832
-14.23341828
-10.67240095
-1.55503802
11.98105895
21.46232493
17.87773047
14.68121979
10.32003392
2.34691051
-10.99187946
-21.94820615
-18.68494888
-14.62769197
-10.59859784
-1.79884844
10.75889835
20.28408363
18.04787811
15.44420041
10.52972211
2.45131713
-9.66169957
-19.05889719
-17.6442048
-15.42011945
-10.64999117
-2.23983856
8.3169071
18.17323469
18.02684152
14.68761022
10.02465727
2.69970382
-7.65802954
-17.09143991
-17.40818834
-14.38829917
-9.70118298
-2.37208614
6.91247594
15.70505274
16.97544869
13.63963398
9.504952
3.17938167
-6.51384586
-15.09308714
-16.77200187
-14.16039489
-9.57789748
-2.96389361
6.14338996
14.21058241
15.2429294
12.95814318
8.43403044
2.90235911
-6.22441249
-13.9210324
-15.73928708
-13.18781106
-8.84089145
-3.6638085
4.32608866
12.28943729
14.85604323
12.00171035
7.79659147
2.65150118
-5.91759662
-12.4169005
-15.19793363
-12.77201038
-8.52264785
-2.64162301
4.18585801
10.67481656
12.7096893
12.01243234
2.59911343
-8.91616199
-12.08481454
-12.14527324
-11.22995419
-5.55308249
4.02263861
11.83756029
11.16448707
10.57817666
8.82646755
1.63910606
-9.7526962
-17.12732925
-14.12177505
-11.90872149
-9.68223834
-2.73615609
8.26143163
16.6972382
14.16114964
11.60106235
8.50308984
1.65379998
-8.86174191
-17.43423453
-15.64012888
-13.41729963
-10.11998512
-3.00216206
7.25591714
15.911167
14.65370667
12.53556187
9.25817952
2.95167922
-6.83702451
-16.54899334
-16.67716502
-13.92787075
-9.66107747
-4.35137765
4.45416684
13.49327958
14.95595859
12.81887159
9.11738144
3.44463678
-6.43496225
-14.66482733
-15.16749939
-13.31698894
-9.29849443
-4.0749484
3.98876637
12.26124757
14.16466818
11.85262434
8.09073068
2.66779298
-5.37754669
-13.2863533
-14.19156464
-12.87901696
-9.09703431
-3.93262846
3.6145664
11.45147468
12.80451567
10.86672421
8.02599493
2.69656952
-4.63178701
-12.57551797
-13.65116484
-11.33787306
-8.71785062
-4.4454563
2.93091468
10.49859793
12.79322467
10.73434183
7.42363493
2.83822613
-3.74457891
-9.88333187
-11.77048399
-10.76882595
-8.7910972
-4.11926065
2.4211272
8.44289017
11.0957452
10.60614745
7.19658601
3.11311566
-3.14420945
-8.51391831
-11.43562651
-10.40016199
-17.69702874
-22.74426377
-16.66034785
-6.65376177
8.93057996
17.37883935
29.76445753
28.02536606
18.05616332
7.55942431
-7.33011966
-17.91936649
-34.55496966
-35.87951112
-22.42380737
-11.68042843
1.46824453
13.6873266
30.98950591
34.6897049
23.71781548
13.00528401
0.51507426
-12.72045022
-31.02012167
-36.09404581
-24.99840149
-14.7596802
-3.62915809
9.84151562
26.97847922
34.55651092
24.55491949
14.32026698
3.51686176
-9.48084214
-26.67139599
-34.48688327
-25.5952791
-16.28852445
-4.60431142
7.31554072
22.50413406
31.73691448
23.92071498
15.08303198
4.79250265
-7.72512664
-22.91451828
-31.23361254
-24.10946538
-15.83136969
-5.40454016
6.0016617
19.69581301
27.92014571
23.2792311
14.71388785
4.41041302
-6.99242558
-21.47523596
-29.12794952
-23.08643144
-15.16831113
-5.57679913
5.50470513
18.035407
25.60525046
20.75721199
13.54736162
4.92151913
-6.32610568
-17.92223618
-25.02473339
-21.75597619
-13.95145858
-5.65995185
5.02854023
15.03885117
22.40482855
19.75294635
12.91987161
4.9112913
-5.67158461
-15.93881697
-21.50735815
-19.49503918
-13.66976877
-5.09536758
4.07129606
14.11894365
20.33533168
18.51245232
12.45534098
4.86712357
-4.39317415
-13.93674773
-19.47888135
-18.26583314
-12.81821552
-1.28092305
17.985333
21.36866961
20.80048668
17.74956693
5.86430257
-9.08803406
-22.34281847
-22.4377764
-19.42073064
-15.69009065
-4.29302892
12.51351638
26.52880243
23.70842134
20.09735457
15.46155083
4.84146014
-12.23255006
-27.009067
-24.90022545
-21.30684112
-15.45595202
-5.15692563
10.82936111
26.93664544
25.23372037
21.52436627
15.48822338
5.71943451
-9.33007944
-25.69665091
-25.36558837
-21.73967595
-15.45376097
-6.68503718
8.85453834
24.72513108
25.11959667
21.60380953
15.92527994
6.82256392
-7.39964179
-22.49784786
-24.65643477
-21.38304393
-16.2314823
-6.47628105
6.71349777
20.99304014
23.47655521
20.68155536
15.09270927
6.45858986
-6.22319728
-20.02291232
-23.41571727
-21.01202316
-15.12854021
-6.17981558
5.22865027
18.438632
22.41547892
19.68063629
14.29909223
6.12082691
-5.41562273
-17.62540115
-22.4410004
-20.24244597
-14.22058555
-6.58228651
4.99739342
16.05897551
20.3131879
17.88580996
12.80652043
5.80980283
-5.28457101
-16.20716319
-20.62604491
-17.9516245
-13.69547122
-6.48052074
2.8960459
14.02651983
18.5118783
16.62881773
12.55442535
4.96189776
-4.25187042
-13.96773342
-18.21677657
-17.80433287
-12.88012588
-6.38016838
2.83755568
11.90360089
16.57192164
12.49027806
-4.88323853
-20.25497384
-17.61246338
-12.7295059
-10.21990568
1.10181077
17.62500206
24.33215059
17.94757042
11.64898379
5.90622092
-7.7286216
-27.8372919
-34.14933893
-22.71219605
-14.93118604
-8.1942096
5.21495739
24.49850643
33.50371092
23.52562658
15.56607054
7.75361334
-6.22067482
-26.56499645
-35.72188979
-25.83487486
-18.16294083
-9.9989142
3.72330909
21.90764538
34.0745308
25.13171753
17.6148698
8.83659919
-4.81491795
-22.93837677
-33.7169037
-27.1514956
-19.36467185
-10.61550635
2.16377257
19.69145466
29.90362976
24.49857392
18.2786268
9.67392777
-3.28872295
-20.21748578
-31.07120985
-25.71961187
-19.1856234
-10.43228772
0.8665538
16.5284415
26.30744432
24.11918461
16.76152881
7.8237556
-3.12711407
-16.95652807
-27.5252286
-24.4236993
-18.87673288
-9.58710914
0.81566911
13.04717411
23.79379206
22.16459889
16.60491921
8.2404455
-2.20756944
-14.94847083
-24.20537714
-23.1199666
-17.23696794
-9.34982014
0.49914772
12.49602787
20.84176568
21.38685638
15.71498139
8.15342797
-1.35687284
-12.81900718
-20.78906484
-21.57260513
-15.91410714
-9.67764863
-0.77991683
11.0320634
19.35525141
19.93986468
14.7815163
8.00752558
-0.17502958
-10.77266645
-18.51584739
-19.3435887
-19.69467417
-18.33728836
-2.64211784
10.88943698
19.01772296
25.02120556
20.4701142
15.17006173
-1.06718077
-11.17452228
-17.71523014
-23.41425198
-19.8855669
-15.68039356
0.97783343
11.01439028
16.66825532
20.44063798
19.36758969
14.79603308
-0.12298822
-10.86724243
-16.44814747
-19.26787706
-18.99614279
-14.4105985
-0.22486339
10.22194407
15.76922507
18.22076682
18.37185461
14.15374155
0.86415775
-9.95553774
-15.1519898
-17.91672679
-17.6922413
-13.75079211
-0.86054432
8.48549587
14.2206591
16.94113329
16.99032801
13.01588404
1.56740288
-8.90215306
-15.02407491
-17.10939508
-16.45646361
-13.11923925
-1.91254965
8.34191317
14.02412749
15.84670464
16.89229887
12.91033252
2.1283668
-9.05127833
-13.54058598
-15.51590187
-15.53727861
-12.52942154
-1.6162573
8.20764126
12.81310172
15.58713357
15.17809274
11.43808035
1.28393613
-8.0422152
-12.10736038
-14.84756248
-15.03807447
-10.4814292
-2.02543173
7.26033173
11.86676091
13.61820346
14.46685818
10.14230734
1.12678541
-6.99361961
-11.87966523
-13.31097408
-13.57622781
-9.73012348
-2.70273466
5.86398838
10.81199794
12.38292644
12.89508148
10.24053167
2.30548768
-5.62223345
-10.54760132
-12.85999541
-12.46603775
-9.42611729
-2.00259674
5.35221357
13.89295901
37.11977328
44.81127354
27.72620156
10.6211751
-9.84862865
-27.48563663
-54.42191447
-50.40753111
-29.34828262
-11.94686066
7.98441725
28.95195827
60.63720909
60.40797803
34.32126288
15.8132172
-3.61586626
-25.38454602
-58.41319046
-62.71626764
-37.16108065
-18.22682668
0.39131709
22.59374111
54.17168491
62.55169674
38.37379358
20.51133442
1.34633218
-19.66198716
-48.99610391
-61.46313078
-39.67584247
-21.37526975
-2.81546997
19.44622234
46.37921223
59.51084265
40.67552443
21.9419791
3.99895232
-17.13654421
-43.28570612
-55.98944264
-39.4065793
-22.04412757
-4.53861259
15.57794887
40.27527832
53.42831865
38.62065597
21.72691559
4.69420456
-14.58153024
-37.57469501
-50.2748414
-37.72502972
-21.16307082
-4.53889233
14.57265591
36.84115171
47.48151762
37.00972771
21.46251942
4.87280895
-12.59324266
-32.93317089
-45.14954335
-36.2835465
-20.76014982
-5.24868888
12.40988085
31.02607204
41.90871069
34.61207317
20.02071302
5.10589748
-11.91938252
-30.00726217
-39.24683889
-33.64621024
-20.25636094
-5.45147646
10.4445445
27.34254769
36.90592025
32.29449021
18.97232772
4.42343174
-11.40733795
-26.74565429
-37.10089119
-31.84105925
-20.05332905
-6.20368319
8.86409499
24.29476003
32.67652826
28.75098327
17.21390349
0.06908157
-15.37189067
-33.38930275
-32.16519893
-26.73885995
-16.24141169
-3.3951272
14.84692025
29.38864947
32.1412445
23.40330823
11.91688084
-1.82207009
-20.27769916
-29.36689822
-32.17500349
-26.31639973
-14.43829636
0.39781397
19.23996349
26.26844446
29.09713422
23.83737581
12.68476086
-1.61291825
-18.32851632
-27.65435307
-29.88152896
-25.50543389
-14.94083181
0.5149474
15.80066539
24.64398798
26.84534752
22.92787321
12.40424877
-2.06961654
-15.20212627
-25.27716505
-27.19584153
-23.78543789
-14.46543047
-0.41941823
13.1682981
21.21272888
24.54409431
20.6483502
12.08871097
-1.51215875
-13.72096733
-22.25182273
-25.14130815
-21.49332454
-13.05843918
0.09389922
12.32887932
20.8750701
22.91146774
18.72214093
10.53741514
-1.57703866
-12.83748102
-20.87172116
-23.47215141
-19.84064675
-10.87146744
0.4282705
11.35763756
17.76169965
21.52917597
17.97323102
9.30537383
-0.50143657
-11.34316888
-18.56123902
-20.67127154
-17.72878911
-10.48793757
-0.54955409
9.32316981
16.61232715
18.65197471
15.43267069
8.60953837
-0.76249573
-9.28849436
-15.26299009
-17.84096951
-15.81309299
-9.58102997
-0.55660825
8.10069246
13.77685952
15.84163807
13.48647376
8.38193562
0.58917144
-7.2396674
-14.05773693
-19.14895027
-20.15904017
-15.97439535
-5.87105796
5.46697659
13.95213284
18.57799418
22.19271703
15.31585458
7.0442579
-5.45862085
-13.0441014
-18.94070461
-26.0236807
-20.57786541
-9.71717406
2.41121232
12.68873966
22.12962878
25.16506544
19.47861369
10.53458174
-1.5074616
-13.2139788
-21.62336366
-24.84885016
-20.33669804
-11.2413649
-0.24918312
11.21713291
20.30256204
23.05144428
19.84626794
10.70156999
1.28135279
-10.07448797
-18.37895084
-20.92501167
-18.0187355
-10.3648369
-0.43013829
9.69895448
16.95348283
19.51019706
16.75900459
9.44259336
-0.18245887
-8.856185
-16.6017765
-18.82881649
-16.41539845
-10.24994733
-0.43685592
7.59622438
14.61678649
17.20962809
15.91310906
9.23388521
0.44830897
-8.89309607
-13.38247723
-16.88096075
-15.48510985
-9.2253717
-1.67711312
7.07427751
12.91684606
15.37818413
13.43259984
8.29232447
2.06203544
-5.47872621
-12.2345846
-15.40983194
-13.91332699
-8.8411821
-1.3090869
5.35504368
11.32362701
14.45914211
12.72685719
7.65800766
1.35013693
-4.68613562
-10.09562897
-13.70226523
-11.99379808
-7.5871333
-1.61198578
5.08178788
10.26888491
11.83888909
10.77109517
7.7346618
2.1540115
-4.90575342
-9.33145294
-11.98556819
-10.29305104
-7.46847746
-2.14359738
4.37706732
8.68868877
10.91270097
9.6826291
6.48180534
1.89305275
-3.89340729
-8.36758279
-9.96705833
-9.90915761
-6.86928304
-1.53895512
3.14914796
6.86434882
9.56997872
9.56150937
6.58179562
1.26772909
-3.2549834
-6.87360619
-8.36019945
-9.33169667
-5.7179652
-2.21591595
2.86402767
5.6575027
8.74834727
8.12704975
5.76439479
2.12978963
-3.24281535
-5.99091629
-8.10096357
-8.26360822
-5.79822395
-1.62276831
2.65777914
5.71863927
7.90606949
7.65149469
5.32665774
1.63489383
-2.27074361
-5.14251428
-7.90407949
-8.25381412
-5.76230963
-1.48415254
1.89400661
5.19807403
6.63784935
7.20640735
5.54805118
1.21238086
-1.83426987
-4.44382008
-6.92215831
-6.44159682
-4.72688109
-1.36631744
1.48258865
4.28439508
6.14144382
6.10349747
4.94856309
1.78379886
-1.62815759
-3.77750038
-6.06891541
-6.01219466
-4.39739793
-1.26585419
1.37365917
3.53765688
4.44309214
5.03315762
3.44195196
0.95724955
-1.39976756
-2.8436923
-4.6121285
-4.92111207
-3.52566647
-0.95896432
1.52021925
3.02045548
4.15302477
4.75220316
2.78192864
0.28764945
-1.51823626
-3.16660518
-4.02153778
-4.62450982
-3.88740459
-1.74526471
0.13894926
3.11578541
3.44027768
4.79732687
3.00791082
1.55418103
-0.68100121
-3.41119785
-4.42294264
-4.44638499
-2.9741523
-1.74075735
0.50728026
3.26929416
2.8227465
3.72368397
2.6380109
0.91374243
-1.6131286
-2.81285657
-4.24955571
-4.16313976
-3.21268536
-0.93406839
0.85773605
2.43816782
2.81086455
3.08870804
1.51204553
0.54370417
-1.72487149
-2.48870437
-3.22619767
-3.34172006
-2.31247224
-1.36191724
0.60533233
1.74760703
2.4307345
2.57704089
2.05582137
1.04805059
-0.43558626
-1.90550444
-2.78645744
-2.72318038
-2.35319477
-1.76372549
0.91888285
2.07946803
2.3068704
2.93684696
1.72877095
0.57987282
-0.38031066
-0.93294218
-2.63064778
-3.14496141
-2.06432171
-0.96449423
-0.05575045
1.34398393
2.67853913
2.86387251
2.58959211
1.49436667
-0.49234124
-1.65895192
-2.66763177
-2.44803471
-2.19089408
-1.00933753
-0.17371561
1.5595383
1.73057984
2.22170121
1.65991573
0.94276062
-0.93351829
-1.43375758
-1.98197938
-2.43779195
-1.34574673
-0.88844042
1.3151992
0.52860644
1.57451562
1.74969826
0.98434234
0.10499011
0.15600871
0.02293366
-1.83612146
-2.89990426
-1.92596085
-0.66589939
-0.11190762
1.01566184
0.18466955
1.16412658
1.43768094
0.84321859
-0.74102513
-0.88594803
-1.01850547
-2.1097412
-1.77138189
-0.72399409
0.09934219
0.74787854
0.83471751
1.59742609
0.75056806
0.93276982
0.91167873
-0.50348059
-0.83904314
-1.38111619
-1.66957165
-0.92257409
-0.19600451
0.90259566
0.94903282
1.48340723
1.24016915
0.55749061
0.09548019
-0.93687573
-1.03645952
-1.03045241
-1.70220903
-0.81200831
0.63721893
0.52273409
0.71440906
1.21179276
1.33982715
1.00620455
0.49554714
-0.87806316
-1.36916407
-1.67032637
-1.54206184
-0.68127215
0.11926084
1.22081408
1.15547768
0.982808
1.03855509
0.87997859
-0.0491976
0.05768405
-0.80941743
-1.08818723
-0.38990433
-0.70802635
-0.35524791
0.61996844
1.33448928
1.79241897
0.9385771
0.53377659
-0.33253849
-1.21459305
-0.58822418
-0.87694589
0.31939565
-0.86884963
0.66089479
1.14996776
1.0601749
0.26262099
0.02859645
0.36135827
-0.3535188
-0.46034333
-0.35158563
-0.63162576
-0.36914989
-0.18398654
-0.42209075
0.4232052
0.04021859
0.42936805
0.39455613
0.80400433
0.47532245
-0.48699665
-0.25425997
-0.96360297
0.10967788
-0.26809742
-0.86595391
-0.12914422
0.33634263
0.62198849
-0.2558439
0.62828244
0.56751534
-0.02498624
-0.64707213
-1.12409778
-0.34436036
0.51285683
-0.17366349
-0.45982279
-0.02956465
0.94353935
-0.12000109
0.88931432
-0.23638758
0.18416256
-0.89387262
-0.78503945
-0.65240532
-0.81185666
0.39334092
0.03059941
-0.16664273
0.08604408
-0.22660488
0.44907871
0.34353565
-0.22239829
-0.71723454
-0.59900975
-0.86636688
-0.25412485
-0.66122107
-0.38150346
0.83644016
0.75687306
0.36310165
0.21650557
-0.13974849
-0.11977083
0.23334634
0.4497214
-0.39423946
0.36244057
-0.44155423
-0.77293345
-0.48195435
0.71879275
0.54926993
0.24691363
0.27682174
0.06436335
-0.25075263
-0.33636112
-0.10718118
-0.24461705
-0.55103538
-0.56156399
-0.40441278
0.22380217
0.05936533
-0.621464
0.04337711
-0.28695427
-0.15754927
-0.37502213
-1.09637003
-0.02754697
0.27438169
-0.72791453
-0.32046609
0.5216629
1.3437947
0.18481898
0.47184379
0.14768198
-1.06568515
0.31680132
0.02052178
-0.79199973
-0.79204134
-0.04165081
-0.43253233
0.4766237
0.12898444
0.3610803
-0.23778134
0.47789033
0.17729386
-0.59403427
-0.42138796
-0.40679795
-0.08028319
-0.58009201
-0.67986058
0.29458263
-0.52151609
-0.23470498
-0.00733475
0.27180272
-0.27514839
0.11884607
-0.23154339
-0.08582849
-0.40048315
0.36443435
0.20127854
0.05930244
1.01141956
0.17825829
0.26041188
-0.65313221
-0.47827592
-0.30679635
-0.4113453
-1.02963891
-0.73765009
-0.27703015
0.20103028
0.60166705
-0.35949218
0.20303876
0.73265374
0.7973707
-0.35795206
-0.20253047
-0.05089982
-0.23929541
0.0494327
0.24436081
0.06542228
-0.69052955
0.38107378
0.72050377
0.03686845
0.83207206
0.31170146
0.20893825
-0.73762863
0.13700239
-0.19963815
0.07073396
-0.45056371
0.02211949
0.04327193
0.39160535
-0.27112522
0.37305751
-0.20778069
-0.47928185
0.41094678
-0.49270711
0.21007704
0.40883191
0.55878612
-0.06751055
-0.53196456
-0.43879544
0.09801293
0.36934237
-0.05784193
0.12731725
0.88921494
0.49258023
0.293416
0.41861723
-0.36333508
0.07000099
-0.02056805
-0.09823508
0.38184051
0.22913789
0.48868235
1.17261688
-0.39529887
0.05026872
0.27463325
-0.21376207
-0.57107119
-0.19130739
0.26137788
0.78331992
0.2036998
-0.28714922
0.26656346
1.29695735
-0.05102585
0.32361196
0.7881568
-0.04615435
0.13966496
-0.58943011
-0.26263297
0.371265
0.17794743
0.25835933
-0.74576331
0.60975553
0.17558698
-0.45360758
0.57052276
-0.07128397
0.76417634
0.72624767
0.10593835
0.1479296
0.05152939
-0.1639351
1.34726339
0.3644425
0.21162452
0.61022461
0.23166552
1.14229387
0.37392399
0.67686054
-0.75984208
-0.01968228
0.29478235
0.93099793
0.03453145
0.4811683
-0.1355887
-0.60549611
0.03596094
-0.19157909
0.53323857
0.24992777
0.15213832
0.30055917
0.22751947
0.01630034
0.04428981
0.00045842
-0.57946814
0.25439868
0.31115537
-0.04955585
1.08889285
-0.02572024
-0.45273783
0.46610015
0.22087587
-0.60357867
-0.26170245
-0.69108929
-0.70132472
0.78163035
0.73675963
0.37633463
0.63204128
0.51230574
-0.35898823
0.0711196
-0.44837884
-0.29262476
-1.09332245
0.12699312
0.049872
0.52430856
0.41291616
0.11319118
0.17066548
-0.265066
-0.64749444
-0.24586909
0.26710478
0.04221388
0.07395289
-0.7558717
0.2921057
0.20856297
-0.42497561
0.63222049
0.140744
0.52153014
-0.83334575
0.17811055
0.54442486
-0.42186802
-0.39865044
-0.55552637
-1.16368226
-0.0427002
-0.12715155
0.3641167
-0.42709359
-0.32018187
0.30363468
0.54228396
0.03944192
-0.11736058
0.04715867
-0.17389244
0.1517732
0.3177576
-0.1922358
0.80094014
0.69690035
-0.2697617
-0.26185616
-0.36757539
0.88082296
0.1404881
0.23609208
-0.55276403
-0.6931158
-0.46274259
0.20080025
0.32855582
0.18134278
-0.10023466
0.69811671
0.27504902
0.25534781
0.40650199
0.01823899
-0.73697413
0.2399473
0.61642767
-0.83718222
-0.47155789
-0.05382737
0.38840969
0.07669464
0.32362909
0.26152903
0.64547055
0.1930018
0.01588352
-0.41540139
-0.36362175
-0.23030211
-0.09657892
0.27761801
0.73466493
0.32500824
0.07597377
0.46768521
-0.15406684
0.1162549
-0.55687403
-1.00565427
-0.96018634
0.68113115
0.14214749
0.3051878
0.66032486
0.67868753
-0.023817
-0.84996356
-0.33511529
-0.66881891
-0.2338384
-0.85632962
0.08973297
-0.29827402
0.24121451
0.10012378
0.139519
-0.59157687
-0.26462561
-0.01625743
0.26115495
0.42984215
-0.27118662
0.37377577
-0.57337563
0.81925098
1.0002768
-0.40350713
-0.26443288
-0.30153593
-0.10705249
0.25823425
0.06584617
0.49111539
-0.05960534
-0.06412284
0.09735375
0.23238801
0.5801256
0.61951052
0.62474153
0.09424428
0.44409223
-0.12653445
0.23369218
0.33651197
-0.01010786
0.15352859
-0.01499976
-0.19306578
0.70927317
-0.14695857
0.84108498
-0.09816365
0.09884099
0.12600001
0.47474197
-0.1477657
0.13308365
0.21028558
0.07880268
0.15030645
0.48272384
0.2278569
0.53211777
0.40266351
0.12841249
0.22302586
0.32480168
-0.49139442
0.72452857
0.60284133
0.6257756
1.14909388
0.7178885
1.07603777
-0.26778338
-0.3848535
-0.07497891
0.2665403
0.1500393
-0.68797554
0.60608087
0.63380739
0.69090163
0.43946889
0.75385606
-0.00917505
0.0886262
0.82989307
-0.19669119
0.57085824
0.51585811
-0.09076145
0.49088565
0.535105
0.14488119
0.25111465
0.01157197
0.6298633
0.87253619
0.03034457
0.6709369
0.04917442
0.44853557
0.09220442
-0.5346627
0.50922657
1.01343541
0.72686155
0.71699153
0.4044972
0.32480756
0.03334557
0.34265446
0.96650784
0.17214794
0.69732877
-0.56538878
0.18000594
0.41493327
-0.05572281
0.3176396
0.76280527
0.55450523
0.91009632
0.4180367
0.41954515
0.57774183
-0.43407516
0.66210397
0.83041471
-0.05696635
-0.1260173
0.27367194
0.47264794
0.72275356
0.23525403
0.17007074
0.52859119
0.13552809
-0.0599224
0.72912716
-0.04610672
-0.20996138
0.43342189
0.1203889
0.11540354
-0.44598919
0.3567437
-0.36942724
0.49867177
0.8448035
-0.02099708
0.32375638
-0.23121423
0.54190333
0.45089239
-0.23852579
0.11138845
-0.08185923
0.02265417
0.07207393
0.12672285
0.257123
0.21973936
-0.18829019
-0.043434
0.88235316
1.10559452
0.39177492
0.70526287
0.29658474
-0.42620137
-0.42661686
-0.19643304
-0.06179588
-0.22282744
-0.19642935
-0.00194766
0.60457943
0.39203059
0.56761998
0.65765583
-0.09417495
-0.15546284
-0.37915982
0.95060864
-0.65566527
0.34291016
0.01244687
0.7206746
0.82691192
-0.13890143
0.49335296
-0.19097411
0.03573121
0.29765022
-0.78493763
0.10342992
0.28851502
0.07519905
0.02376158
0.1359051
0.26852151
0.66951472
0.78834724
-0.13833197
0.21744403
1.02483132
-0.35297745
-0.62020648
0.01407496
0.08386444
-0.34702963
-0.26179782
0.84724525
0.03724896
-0.77907768
-0.18475516
0.01271278
0.39294945
0.29794052
0.12683558
-0.0391681
-0.05006624
0.32679839
0.07944796
-0.83380195
0.65696308
-0.14146099
-0.73364868
0.44716192
-0.37443722
0.22100144
0.13534054
-0.40518082
-0.09921592
0.27142145
0.12614927
0.10595157
-0.13042641
0.3843732
-0.05702176
-0.01168147
0.20715443
-0.63161443
-0.16673678
0.1548529
-0.09163498
-0.5794015
-0.12079132
0.51209353
0.47949523
0.49349489
0.29298605
0.51827383
0.67971491
-0.12521357
-0.38839692
-0.19481804
-0.1041374
0.48293981
-0.56296457
0.01090299
0.1767805
0.6302888
-0.0462109
0.12061833
0.32979751
0.77223633
-0.07102878
0.09823181
0.05313917
0.75426602
0.13838214
0.37821366
1.36737976
0.25588386
0.18781646
0.63676328
0.64537502
-0.63916612
-0.10034145
0.18195078
0.17475145
0.44024598
0.24652559
0.33467824
-0.09861138
0.32983581
-0.10338222
0.36177273
1.58422447e-10
0.28080342
0.25082425
-0.54567817
0.32510509
0.04866105
-0.28564119
0.27592287
0.01157869
-0.1849373
0.34856029
1.13995487
0.03171454
-0.21549514
0.01764365
0.20740172
-0.65905372
-0.4997021
0.92459273
0.10252407
-0.93948218
0.41401762
0.98852596
1.0759945
-0.25711222
0.29187739
0.28431579
-0.30462625
-0.36018839
0.68954125
-0.02171584
-0.63226791
0.35102882
-0.07250515
0.29417752
0.33776456
-0.14463139
0.5855391
-0.39188947
0.0602616
-0.48285301
-1.27344756
0.4016759
-0.47990319
0.47511014
0.22902635
0.28173884
0.2122242
0.40759172
0.35540672
-0.4405827
-0.35174032
0.34746267
-0.17078044
0.31759049
0.44297563
0.61527578
0.37930859
0.87798479
-0.03872244
0.39672059
0.30578537
-0.36044251
-0.33834534
0.2062015
0.2495498
-0.18708787
0.63650426
0.62508569
-0.22286862
1.30023268
1.0729877
0.54124275
0.09522
0.40824795
0.2893027
-0.80475489
-0.08905479
-0.40937832
0.65692217
0.38425284
0.71204206
1.63643323
1.04937015
0.16892574
0.21531972
0.61489259
-0.47594066
-0.60859072
-0.00790935
-0.94203765
-0.47955813
0.17867038
0.63246547
0.70459699
0.89372774
-0.27928457
0.09276085
-0.25680893
-0.38136301
-0.25125171
0.35927618
-0.40199686
0.05206547
0.02609927
0.5631718
0.2406323
-0.19790062
0.40059874
-0.11831465
-0.07259538
-0.09909184
0.05390613
0.82587335
-0.14110054
0.64381224
-0.46332501
0.00103288
-0.61584194
-0.09367628
-0.67642667
-0.24090441
0.59589919
0.60142061
-0.09292881
-0.43156835
-0.17490521
0.61366721
-0.12296903
0.31741256
-0.13308781
0.41883843
-0.30060702
-0.4757394
0.67185703
0.22158343
-0.52286057
-0.48021323
-0.633414
-0.54318322
-0.07781916
0.15530996
-0.07880615
0.09963047
0.44528508
-0.53839556
0.38873728
0.21643437
-0.04758422
0.23834018
-0.00103034
-0.57151041
-0.08311413
-0.14091873
0.01714585
-0.5006764
0.3676795
0.2074063
0.16545407
0.28737187
-0.45860705
-0.56979358
0.04813169
-0.37883268
0.18044797
0.3118697
-0.13456366
0.02569
-0.58768283
-0.17239947
-0.19998704
0.51082469
0.14626007
0.44100902
0.23366191
0.76810316
0.28834424
-0.08612087
-1.26081322
0.83632246
0.93943188
-0.2874118
-0.7000576
0.29859888
0.33825325
-0.79097906
-0.45514149
0.09108533
-0.7634422
-0.39296267
0.31185892
1.27869705
0.03765807
0.62459532
0.27153431
0.09187795
-0.45163333
0.99550425
-0.10894891
-0.30731815
0.00482962
0.18067564
0.39445926
0.60482256
-0.25254844
0.10754108
-0.60447936
-0.90675572
-0.13328973
0.66783988
-0.40914105
-0.39771482
-0.43064865
-0.28668373
0.6658098
-0.07913633
0.31940753
1.28431914
-0.05772732
-0.71659236
0.01809165
0.33623173
0.11413239
-0.19202451
0.09605222
0.91970525
-0.00137031
1.02332652
-0.02994112
0.82262762
0.39414077
-0.09760257
-0.0226879
0.19367219
-0.56843763
-0.43648652
0.03563226
-0.56187357
0.2594531
0.73618691
0.36695195
-0.3765081
-0.30410601
-0.66929319
0.02306705
0.05180579
-0.25457662
0.61192536
0.44413953
0.67466391
0.41240376
-0.10356214
-0.48812225
0.18738283
0.44541816
0.35274922
-0.23401163
1.5977815e-10
0.70174691
1.01760849
-0.83758298
-0.41869628
0.04593086
-0.01206419
-0.39455101
-0.30013479
0.62700646
-0.11483667
-0.34098821
0.565592
0.17904556
-0.41994835
-0.21711245
0.17566135
-0.05808244
0.13615602
0.26818274
0.61042147
0.29261657
0.31268582
-0.15811925
-0.1389328
-0.12803203
-0.2891964
-0.08597962
-0.16372192
-0.43562677
0.21763936
1.1291719
0.24750391
-0.588696
-0.11392225
-0.48941584
-0.35595992
-0.83050233
-0.70634012
0.52790481
1.07184302
0.09521116
0.75033587
0.45741325
-0.76759399
-0.58539859
-0.27069947
0.58296267
-0.2439016
-0.50477616
-0.16026397
0.36823038
-0.36735145
-0.65216406
0.24642957
-0.364438
-1.34392078
-0.17885736
0.0198088
-0.01643657
-0.03736923
-0.26074213
0.63224896
-0.34759188
-0.29018089
0.35646153
0.22270768
0.2981666
0.05614285
-0.12950207
-0.57474757
-1.09719458
-0.85235176
0.00758041
-0.1275777
-0.62345833
0.35923768
0.4174573
0.21010344
0.2653284
0.59252151
-0.21480816
-1.23661192
-0.96983239
-1.09217585
-0.89478575
-0.72145901
-0.60672265
0.2852156
0.69871264
0.70118514
0.68138668
0.02678151
-0.59715615
-0.9777826
-0.89610196
0.10045939
0.09878534
0.23540255
-0.01230824
0.1976037
-0.01459973
0.4865247
0.55169827
0.08864286
-0.38596218
-0.14634278
-0.68663111
-0.15404354
-0.75659674
0.36286356
-0.31905949
-0.50469657
0.46941597
0.50192606
0.03601246
-0.01617178
-0.65045661
-0.11196794
-0.42538813
-0.0853703
0.50380243
-0.02294452
0.31207969
-0.03092156
0.60574406
0.23795682
-0.27552779
-0.294752
-0.467933
-0.1170873
-0.62951743
-0.70804989
0.07244216
0.45562582
0.74786185
0.4739554
0.88653422
-0.74032133
-0.35344651
0.48292522
-0.2887744
-0.30122252
0.12632729
-0.24830337
0.51442717
-0.85864902
0.44782999
-0.24566191
0.26555413
-0.42428529
0.00505469
0.43519771
-0.05085293
-0.37469292
0.13353531
1.0524028
0.19333709
-0.73563159
-0.1924625
-0.06354664
-0.63602902
-0.47004739
0.16317808
-0.00768586
-0.34501991
0.43560342
-0.32983881
0.17807114
0.24187145
0.51647029
-0.03392213
-0.1854125
-0.58606272
1.44707813
0.54093109
-0.28237425
-0.3746439
0.62888725
0.16703602
0.38752686
0.56367405
0.62533805
0.32882109
-0.1943727
0.51935801
0.58291105
-0.79271253
-0.38165939
-0.60773687
-0.11910473
-0.57744974
0.16107263
0.34087
0.8632827
-0.09466318
0.33172327
0.55076408
1.10956908
-0.63501751
0.04372709
1.12110604
0.45189579
0.33362286
0.47975967
0.34901504
-0.01642705
-0.32871094
-0.27306272
0.7933862
0.03035955
-0.07254128
0.13833012
-0.2680255
0.21057727
1.73906983
0.20030659
0.65695268
0.07407641
0.3930618
0.26269732
0.21564451
0.09507575
0.08970325
-0.16477469
-0.36828583
0.754323
1.41080155
0.14807658
0.94306898
0.71534521
0.34910676
0.23436715
-0.1195822
-0.22795306
0.84162523
0.69870162
-0.49883862
1.20567972
0.60325194
0.10728228
0.23574629
0.7123998
0.13270782
-1.01218233
0.07798101
0.50630156
-0.1417179
-0.21406857
0.55231921
0.58628672
-0.25262817
-0.28438365
-0.41924433
0.07516452
-0.40226115
0.16838489
0.86005201
0.33332818
0.03366439
-0.18626275
0.40432708
0.46206226
-0.75676887
0.41537662
0.72815579
0.13327535
0.38712337
0.09678493
0.43590618
-0.07428072
-0.57268955
0.46400314
0.44328866
0.23333196
0.61958371
0.18264539
1.20015169
0.63948005
0.9217814
1.42549274
0.1218538
-0.35447528
-0.43892329
0.23539591
-0.32403681
0.22872587
0.32719833
0.26570775
1.24976387
0.62012307
0.61890567
-0.1555525
0.25847356
0.55501801
-0.1165567
-0.17740463
-0.24480941
0.8212672
-0.12579008
-0.10323213
-0.01342179
1.29053665
0.07979709
-0.8398754
0.9697498
0.78916887
0.79080749
-0.65784979
-0.28697753
0.23327039
-0.54165359
0.32423988
0.42509545
0.33788865
-0.11106064
-0.63801704
0.57805736
0.51413764
0.11610704
0.43252123
0.2370701
0.05171173
0.2409612
0.66099948
0.32884525
0.11758903
0.08078688
0.18694926
0.06932892
0.62484019
-0.35619585
0.31083497
-0.10182191
0.02415472
-0.12870578
0.79610327
0.70204258
0.37924137
-0.01367781
0.66766176
-0.25290334
-0.36990064
0.01024332
0.63072928
0.09796536
-0.53460395
0.43929336
0.35598777
-0.29671605
-0.76164111
0.19125653
0.52194478
-0.16031526
0.71258335
1.05997602
0.11775534
0.49006496
0.90428376
0.10616007
-0.34778856
0.15338044
0.2709775
-0.60363507
-0.3654096
0.17897427
0.5027577
0.75696196
0.22669065
-0.15287681
0.22641747
0.49111273
-0.39660809
0.15042966
-0.09060433
-0.82618068
0.09202526
0.11529788
0.50748396
-0.08827113
-0.15429295
0.05745447
0.16724812
-0.69211511
-0.30760478
0.40478317
0.07875607
0.28256782
-0.39968303
0.44482942
-0.16771967
0.33040697
0.35742929
-0.08306713
-0.69245
0.10823526
0.08567246
0.49153396
-0.82961572
-0.1422633
0.06128329
-0.28243353
0.7847497
0.18759033
0.24067383
-0.18716553
0.28659476
0.22979552
0.23925966
-0.12576612
0.38087261
-0.36702122
0.39157973
0.35321251
-0.37319183
0.37903293
0.37037309
0.6351556
-0.09534178
-0.31203157
-0.03998537
-0.06632754
-0.52733649
-0.69014517
-0.19309583
0.39282263
1.58757211
0.9840164
0.1937577
0.23094931
0.8081175
-0.13145008
-0.89963399
0.11518243
0.18756216
-0.38159984
-0.46613642
1.26161285
0.80812269
-0.04223977
-0.1007841
0.70169357
0.85261947
0.064153
-0.10973763
0.54385365
0.61507335
-0.34743513
0.10288562
0.7230367
-0.09866839
-0.11689926
0.03347765
0.82950651
0.90015075
0.9157808
0.47851644
0.25540358
-0.10824156
-0.9219391
0.4154055
0.30928578
-0.39373359
-0.36600834
0.49432656
0.64279471
0.6167315
1.06640994
-0.07635247
-0.66870991
0.50913058
-0.27193323
-0.03249895
-0.45023417
0.14106027
1.1241128
0.30015944
-0.06946068
-0.61629295
0.823405
0.0268492
-0.36699132
-0.05434993
0.97556759
-0.0060536
-0.46759504
0.60425645
0.30298134
0.1612878
-0.05110608
0.66270453
0.80818145
-0.17723384
-0.13467167
0.48376561
0.1884253
0.04502712
0.28692262
0.04816913
-0.2133742
0.05639355
1.24851683
0.8945577
-0.22463611
-0.13227769
1.24044662
0.02380547
-0.00779948
-0.04002688
0.28068478
-0.70904719
-0.06488106
0.26201762
0.83831219
0.93438438
0.39524705
0.65838152
0.5953404
-0.18519016
-0.74291107
-0.0228545
-0.35734593
0.09398987
0.51785535
1.14685282
0.75276937
0.78435795
0.2419301
0.34327202
-0.25181286
-0.64340701
0.00355954
-0.11845833
-0.28647163
-0.159706
0.55501763
1.16759216
0.17478486
-0.20469252
0.57692132
0.65814579
-0.8038728
0.36716842
0.13061796
