0.
0.
0.
0.65513269
0.37245877
0.39194488
0.00806084
0.00346956
0.51989355
0.57160193
-0.04896133
0.49727435
0.10572889
0.54725693
1.10093704
0.17709754
0.39173271
-0.02243417
0.37831665
0.6208471
-0.40799288
0.68253551
-0.0417386
-0.038114
0.28681408
0.23499548
0.53255755
0.25982324
0.05321006
0.14084088
0.01844483
0.47139985
0.2845108
0.04311532
0.19947959
0.17539887
0.02361269
-0.47301817
0.50760139
0.35408784
-0.09859623
0.13208932
-0.12667242
0.4282123
-0.33332107
0.84003935
0.06010707
0.2087817
0.7974022
0.36231919
0.03430129
0.00945921
-0.38590864
0.22304521
0.28337441
-0.60641693
0.29203926
0.88503972
-0.24669466
0.47943733
-0.67198818
0.32446617
-0.66413335
0.26583416
0.81480738
0.65700554
-0.06712233
-0.52687351
0.29897298
0.04049302
-0.13597524
-0.15875868
0.21966302
0.25364763
0.76164701
-0.38647882
0.16133195
-0.45907155
0.90955809
0.15472163
0.31357858
0.92158125
0.75252041
-0.00438005
0.44615854
-0.11419908
0.10958146
0.00776256
1.0821984
0.53038891
0.57318442
0.05730775
-0.8819437
-0.1643383
0.91769526
0.72383394
0.08393115
-0.38298994
0.83894414
0.23422174
-0.36419757
-0.02500513
0.22055537
0.36187676
-0.25220074
-0.29570426
0.86374172
-0.13010617
-0.27303799
0.33787614
0.59256085
1.45053315
0.51385593
0.45994473
-0.01977808
0.47267005
0.21327961
-0.41867887
-0.18965036
0.56662621
0.61483034
0.98303206
-0.18317099
0.7885026
0.33791031
0.60561614
-0.75498178
0.4062428
0.36708906
0.29228985
-0.31291959
0.68726958
0.42036503
-0.14308693
0.16039662
-0.15957921
-0.33207549
0.0611875
-0.319171
-0.52963131
0.58448602
-0.11295863
0.31801851
0.08979908
0.62651386
0.60862166
0.74804971
0.04560954
-0.32115833
1.03299849
-0.2078322
0.58472188
-0.09735739
-0.55636202
0.37031139
0.03098955
0.37225958
0.07098538
0.85145837
0.18274459
-0.60404532
0.16359007
-0.06259754
-0.72255997
-0.03611585
-0.11923405
0.25056974
0.5186682
0.72880207
0.13773647
0.18144293
0.8822418
-0.67222142
0.02504305
0.70388987
0.18984958
0.1062877
-0.03905676
-0.16857563
0.95282027
-0.11556559
-0.36981219
0.12974622
0.19427688
0.78198182
-0.22483745
0.11290243
-0.85924774
0.00506293
0.68071748
-0.17860844
0.05578389
0.29527176
0.32077339
0.29629889
-0.58856589
0.33968623
0.71060284
-0.26284544
0.00484158
-0.36987247
1.5693901
0.22609386
0.68019775
0.26962325
-0.37904429
0.01532286
-0.72553552
0.08947906
0.13947526
-0.86852067
0.15074731
0.30012915
0.51721512
-0.09796364
-0.41128751
-0.02551302
0.21803934
0.08124852
0.24774931
-0.03938944
0.20720544
-0.62983693
0.01216621
0.1709983
-0.04714359
0.70225015
0.26571318
-0.5703031
0.09859012
-0.34119216
-0.05912139
-0.2926437
0.0458395
-0.05927316
-0.62887517
-0.55044683
0.06367202
0.56752431
0.1574371
0.10886073
0.05534805
0.57307157
-0.78278765
-0.73252867
-0.38231128
-0.2688196
-0.07482655
0.31404589
0.88808189
0.85092131
-0.07330449
-0.72321372
0.29269701
0.05581341
-1.46430537
-0.27165609
-0.19266555
0.00568034
0.61359199
0.58961219
0.45463165
-0.18167153
-0.05397457
-0.14446606
-0.68453704
-0.8205875
-0.56169289
-0.236396
0.96560122
0.13474
-0.02573037
0.09183691
0.79326345
0.47686552
0.02605306
-0.39735715
-1.20022401
-0.15163989
-0.1075381
-0.53338696
-0.22805799
-0.30119134
-0.20432595
0.05669739
0.39589775
0.08359222
0.62476795
-0.47494663
0.11989069
0.38973864
-0.82571616
-0.6028645
-0.54874393
0.73938968
0.08351768
-0.30478226
0.52205584
0.49321651
0.40046921
0.10061456
-0.81501921
-0.4781422
-0.51742479
0.71297969
0.02153372
1.17116122
0.14246786
0.72565581
0.49035234
0.39520151
0.11463165
-0.52338187
-0.55111626
0.40929567
0.40978213
-0.02217181
-0.5152515
0.43520236
0.31828049
-0.07833513
0.30039237
-0.05319409
0.22266184
0.1944016
-0.70760323
-0.13678199
-0.14264162
-0.24240481
0.15905349
-0.15859927
0.70657063
-0.31072914
-0.30243124
0.11688671
0.61827208
0.02801738
-0.30701727
-0.09957693
-0.55815339
0.13126778
-0.26573663
-0.82763438
-0.0063452
0.88597716
0.04173486
0.05674813
-0.04732355
-0.58087873
-0.32138951
-0.34467753
0.31079368
-0.55712151
-0.16728643
0.22976625
-0.62979421
-0.43096954
0.60894317
0.27999765
0.3066208
0.24941697
0.28416176
-0.07959433
-0.35345996
0.24380799
-0.06793997
-0.54098778
-0.80266416
-0.15044187
0.42893708
0.6174706
0.24049378
-0.68227105
0.68988858
0.69252131
0.32391203
-0.75487045
-0.17197715
0.28552441
-0.07973825
-0.09066289
-0.03412914
0.3015858
-0.35856567
0.39579103
0.2400663
0.41270664
-0.1631224
-0.55406934
0.04848542
-0.17886302
0.18474009
-0.16715244
0.9107224
1.21357389
1.14369074
0.27984287
-0.219752
0.17317191
-0.12925278
-0.53354252
0.09133803
0.08317106
0.73710876
0.29609054
0.99088297
0.28746928
-0.21056273
0.16797833
0.38931862
0.02538653
-0.36504685
-0.43578999
0.1210859
0.54837986
0.45017957
-0.17234927
0.42435443
0.23725506
-0.06859761
0.45890702
-0.3593881
-0.06454822
-0.09531504
-0.11892338
-0.22113769
-0.22949107
-0.4858014
-0.16046471
0.67290228
0.55687674
-0.47122488
0.14564729
0.41883205
0.13989077
-0.73967078
-0.28955023
0.41950328
0.12036683
-0.12270082
-0.74142218
-0.11468476
0.17432166
-0.19304074
0.18503563
0.24028279
-0.69638671
-0.02945209
0.39496757
0.34811466
-0.24091441
0.62875058
-0.86846575
0.28643473
0.59082731
-0.07230686
0.1017617
-0.07489558
-0.50091219
0.05297032
0.13667797
-0.13229479
-0.50035777
0.36130692
0.36985605
-0.28896295
0.02403136
0.37839408
0.15423163
0.94886239
0.21543396
-0.64570359
-0.87585063
0.40818027
0.22004192
0.21598231
-0.7179137
0.46622826
0.94558955
0.84027091
-0.09244601
0.03834504
0.16768574
0.15963743
0.38923339
-0.4152077
-0.53528646
-0.05406359
-0.26877932
-0.00369241
-0.17958621
0.21810082
-0.06273442
-0.1691028
0.21935736
-0.73475925
-0.00926265
0.15823518
-0.4002251
-0.33938979
0.51689855
-0.28617077
0.40302446
-0.34196207
-0.23874639
0.42949475
0.02039773
-0.61795785
-0.05208368
-0.05789452
-0.3613232
-0.67241752
-1.05064572
-0.6595575
0.48356415
0.08366822
0.5377381
0.3039613
0.00104404
0.2822016
0.25630378
-0.36256589
-0.27568038
-0.38606379
-1.00523169
-0.5781347
0.26475904
0.2086237
-0.35926711
0.365981
0.84620239
-0.06502862
0.24129845
0.06738423
0.33840695
0.47781615
-0.21926163
-0.35671779
0.20111601
-0.08457238
-0.59986376
0.05569757
1.07431595
-0.6755777
0.0737675
-0.60402969
0.28422498
-0.4399252
-0.22232167
-0.09237078
0.00104117
-0.83647066
-0.07144259
0.91802413
0.95241519
-0.06044372
0.31069884
-0.21525429
-0.18287515
-0.30945378
-0.87391641
0.13058107
-0.11903618
0.32827083
0.29024276
-0.01425757
0.66987617
-0.02674866
0.22470664
0.88832591
-0.07922532
0.36659393
-0.26509961
0.31694698
0.78596466
-0.4538738
-0.52618508
-0.20410974
0.70208857
0.21316101
-0.41980276
-0.87459576
-0.54849793
0.01074671
0.66867601
0.28084811
-0.17222326
0.06705152
-0.15837932
-0.21639578
0.37260231
-0.10740707
-0.59425137
-0.5279339
0.60482825
-0.42944719
-0.44901738
-0.07823306
0.44959458
0.76824202
-0.57107372
-0.32531484
0.47779012
0.14718755
-0.46974822
-0.45417409
0.15219786
-0.53139525
-0.47760575
0.67150033
0.34122444
-0.09658474
-0.15182548
1.48508784
-0.03558785
-1.28095058
-0.59666278
0.4325815
-0.4880665
-0.66252617
-0.21843803
-0.49331514
-0.21020748
-0.60207346
0.07146167
-0.18137728
-0.42279244
-0.43306941
-0.17128015
-0.68050658
-1.19119246
-0.63444197
0.01499711
-0.62234518
-0.01041503
0.10530352
0.31485076
-0.50420768
-0.5847224
0.0927339
-0.78419851
-0.41115781
-0.14228181
-0.35544281
0.48660348
0.07628585
0.25582329
-0.28630879
-0.32727273
-0.85234961
-0.50668098
0.53744164
0.11040146
-0.71950343
-0.5738738
-0.7554699
0.52759275
-0.47060056
0.75029637
-0.10693446
-1.03315354
-0.52576081
-0.66160502
-0.25053041
-1.19809785
-0.58101893
0.27009496
0.47509282
-0.00846595
0.20515002
-0.26483474
-0.05672783
-0.88893305
0.2280462
-0.07259481
-1.3182339
-1.14006671
-0.23606904
0.68258421
-0.00323288
-0.82097801
-0.51145964
-0.30925525
-1.33457783
-0.90807933
-0.72544098
-0.02893739
0.02775711
-0.24687274
0.4098814
-0.66854401
-0.14929904
-0.48511465
-0.40246828
-0.62720646
-0.13241103
0.17351871
-0.80741307
-0.39816097
-0.077169
-1.01942097
-0.43701337
-1.20577666
-0.21900328
-0.61078035
-1.89106941
-0.67566673
0.28563514
-0.69511181
-0.04718356
-0.75606919
0.235329
-1.26894525
-1.31940321
-0.03616178
-0.23833674
-0.62855194
-0.47442518
-0.33111903
-0.00254589
-0.3747948
-0.92407452
-1.01889902
-0.25646474
-0.66311423
-0.49811869
0.0028816
0.14031712
-0.62330625
-0.78011298
-0.35289714
-0.75621079
-0.21026629
-0.55326881
-0.36518454
-1.26895625
0.05741551
-0.84908718
-0.46137667
0.29161922
-0.83982596
-0.5176979
-0.65950354
-0.52734877
0.71726486
-0.33956702
-0.33971096
-0.61081743
-0.4382061
-0.95997072
0.4850241
-0.0346424
-0.08397289
-0.54501615
-0.66888819
-0.14780261
-1.03036771
-0.82640653
-0.10862701
-0.03915745
-0.08702105
-1.01126837
-0.66140108
0.01491151
-0.69148996
-0.99792385
-0.73439425
0.15303588
-1.00422842
-1.25522906
-0.6436181
-0.5802244
-0.74534084
0.08684689
0.29409272
-0.08160974
-0.59586771
-0.0369901
0.47033829
0.01155348
-1.05190106
-0.44531575
-1.14193021
-1.31878938
-0.88662205
-1.13123002
-0.11884293
-1.0487484
-0.72090382
-0.05147073
-0.20976822
-0.56581805
-0.81282945
-1.15911785
0.3499137
-1.04504352
-0.21266454
0.75963397
0.53156119
-0.39708577
-0.23004309
0.12017484
-0.63854813
-1.20602788
-0.51531327
0.04918454
-0.81080277
-0.92924801
0.19422953
-0.08483587
-0.63866774
-0.88910221
-0.40067344
-0.22621687
-0.58654891
-0.44252349
-0.13720752
-0.04327284
0.19668803
-0.38975133
-0.60510611
0.48711176
0.04206465
-0.23613478
-0.19800449
-0.68751554
-0.18450522
-0.34325395
-0.51972987
-0.55865157
0.46475555
0.57117819
-0.14217415
-0.37464805
0.15531176
-0.13157958
-0.54002868
-1.27268536
-1.30191819
-0.21882684
-0.13634929
-0.37907166
0.10445094
-0.25269309
-0.10819346
-0.32618085
-0.57314255
-1.05476043
-0.91628446
-0.67793968
-0.30350398
0.66540344
-0.55816097
-0.48304575
0.23448663
0.57944631
-0.42711579
0.19381415
-0.39181856
-0.23489302
-0.88798881
0.45472052
-0.63687476
-0.36776621
-0.43534079
0.00802406
-0.05801319
-0.53613427
0.33307318
0.34816903
-0.50213193
-0.68169318
-0.72105816
-0.03902317
-0.16344456
-0.47045853
-0.05099452
-0.67626991
-0.67799065
-0.4060791
0.06005323
-0.20648147
-0.42937002
-0.3716783
-0.54600386
-1.00968995
-0.04506768
-0.6357197
-0.60083934
-0.55107232
0.25726996
0.48213776
-0.24515446
-0.45611291
-0.16579375
-0.68655256
-1.25104714
-1.43618222
0.31877468
0.52275732
-1.38006504
-0.28825147
0.02714896
0.07462643
-0.52265937
-0.40885227
-0.44771445
-0.94403498
-1.0526337
-0.77454607
-1.05479976
-0.15524253
-1.10629635
0.04783687
0.3117966
-1.17520328
-0.61246677
-0.09154421
-0.12079299
-0.9700706
-0.56484188
0.51565753
0.02257262
-0.36822654
0.15224703
0.0698972
-1.31795142
-0.21052381
-0.75456765
-0.05856349
-0.69008641
-0.35480629
-0.25053413
0.54340144
-0.65804226
-1.07115236
-0.05306107
-0.43967456
-0.58219054
-0.36814676
-0.26992639
0.07558172
-1.10774565
-0.79200846
-0.66343443
-0.24948244
-0.09371188
0.04045424
-1.36038252
-0.00811679
-0.09137483
0.59169162
-0.98691252
-0.83566913
-0.08035472
-0.72152858
-0.35317757
-0.53111387
0.19520553
0.37562066
-0.97641644
-0.51141762
0.38226766
-0.03049489
-0.70925507
-1.02652361
0.34915747
-0.5960236
-2.02493719
-0.12783146
0.14058311
0.42405391
-0.71793715
-0.5348127
0.08857562
-0.78416886
-0.9927555
-1.1166818
0.36758528
0.09253493
-1.17684387
-0.87732155
-0.72885077
-0.62809069
0.15425817
-0.58388528
-0.0046096
-0.25553684
-1.18772652
0.34119368
-0.5525718
-0.57059831
-0.321148
-1.46454237
-0.38729295
-0.57640867
0.07623226
0.12376303
-0.09623392
-0.96337586
-0.7932434
-0.86669513
-0.51199954
0.07458485
0.2088244
-0.68059948
-0.98549454
-0.12182337
0.13968735
-0.32892708
-0.7494598
0.05502134
-0.91757626
-0.45480284
-0.75181176
-0.18679292
-0.38344614
-0.45138063
-0.14865084
0.70723987
-0.61298994
0.16984312
-0.45771077
-0.46378199
-0.7376089
-0.81947989
-0.21361315
-0.35463189
-0.46471743
0.77611367
0.65902279
0.31427784
-0.52525201
0.25360552
-0.09048694
0.34405999
-0.60787372
-1.22299553
0.00011594
0.04264034
-0.54762148
-0.29398474
0.20494012
0.12541445
-0.21399795
0.19708882
-0.49406164
-0.85959544
-0.20916257
0.00034765
-0.76376553
-0.21884619
-0.15509182
0.2005425
-0.40595358
-0.90746696
-0.88771051
-0.09542546
-0.4713156
-0.80642459
-0.8682113
-0.56804327
-1.12351578
-0.66572173
0.12322151
-0.52242266
-0.50656656
-0.35413601
0.21544685
-0.33904797
-0.72810692
-0.23785531
-0.18462835
-0.0342068
0.21121113
0.18158739
-1.18039107
-1.29557044
0.42637859
0.85973885
-0.77608786
-1.23710895
-1.11174637
0.01628536
-0.67958092
-0.59458862
0.02569442
0.62407747
-0.08455501
-0.8600224
-0.0390878
-0.39091267
-0.37744412
-0.70354935
-0.04857084
-0.0246784
-0.86323033
-0.54872902
-0.47094062
0.2940281
-1.43500893
-0.47397161
-0.37287939
-0.59488853
-0.65530878
-0.33628571
0.12994244
-0.61952845
-0.26681088
0.11932689
0.01090594
-0.0278291
-0.62913198
0.32536706
-0.19142755
-0.7716552
0.22429363
0.47069018
-0.68394563
0.52806528
0.73198337
0.23693464
-0.84643274
0.13917434
0.03722894
0.67325347
-0.60978648
-0.87536586
-0.20496154
0.93570095
0.60773551
-0.12789678
0.27815789
-0.40628173
0.26208842
0.01135219
-0.85305476
-0.49199666
-0.17309388
0.46623884
0.20353983
-0.06878099
-0.25297981
-0.34135574
-0.71860443
-1.11259755
-0.46839971
-0.19614389
-0.61921502
-0.47448004
0.02741047
-0.35599869
-1.01587103
0.02842142
0.07452617
-0.32885071
-0.88392598
-0.01688403
0.24307663
0.42024069
-0.42041334
0.42010521
-0.02118215
-0.61611285
-0.14128326
-0.09635902
0.04346164
-0.80685074
-0.6943435
-0.50703456
-0.53099647
-0.33473038
-1.04840281
1.18864615
0.17309276
-1.00010663
0.10077216
-0.15679988
-0.86951109
-0.46750846
-0.67151893
0.04260936
-0.7481361
-0.85762559
0.46313125
0.25641792
-0.67194146
-0.67455442
-0.31510434
-0.92175861
-0.89561569
-0.0425574
-0.06845648
-0.74844634
-0.05731075
-0.49028573
0.02578288
-0.09777273
-0.62700155
0.55379756
-0.6118405
-0.7227247
-0.12050903
-0.73806205
0.07429731
-0.51101106
0.0918001
-0.62645044
-1.34623097
-0.63412642
-0.4566754
0.15815217
0.24459345
-0.27873482
0.18728987
0.41409176
-1.00590488
-0.84886976
-0.47353233
-0.16172244
-1.14098887
-0.46564953
-0.3468755
0.24101894
-0.26809987
-0.30358526
-0.23276674
-0.42251267
-1.01140271
-0.39904533
-1.2341676
-0.64509585
0.39551239
0.59992194
-0.20131771
-0.51149412
-0.50797478
-0.84048849
-0.73981806
-0.20634858
-0.18890011
-0.94834871
-0.71901507
-0.51499725
-0.08913473
-0.82003735
-0.70116654
-1.06361384
0.02848779
-0.17805055
-0.84178925
0.31602646
-0.85066857
-0.66904555
-0.2226218
-0.68712754
-0.84909876
-1.38928897
-0.76571522
-0.64469877
-0.59968525
-0.6993597
-0.09942091
-0.34150665
-0.37789169
-0.77662811
-0.70984479
-0.93329788
-0.93056605
-0.70638981
0.57969368
0.03431957
-1.03114858
-0.00202828
0.68274308
-0.80453342
-0.97409695
-0.63733201
-0.46665183
-0.39799043
-1.41186739
-0.46559023
-0.46701045
0.14387477
-0.8143969
-0.00950213
-0.34121176
-0.90164338
-0.94172002
-0.64269509
-0.93031661
-1.36984988
-1.00584004
-0.56460326
-0.62067752
-0.77317867
0.1454027
-0.3760223
-0.42435536
-0.16928574
-0.36377107
0.06851002
-0.85566008
-0.76535513
0.03883937
-0.70772195
-0.47055757
-0.53610397
-0.54683659
-0.22857195
-0.65733988
-0.32642174
0.1408031
-0.7683864
-0.69316787
-0.52987446
-0.07974095
-2.28178521
-1.12928609
-0.42689398
-0.70690555
-0.46962305
-0.11629983
-0.19925847
-0.48318273
-1.19196591
0.04417129
-0.29419952
-0.40213604
-0.98024259
-1.02547262
-0.62953871
-0.77027477
-0.71770867
-0.26159558
-0.66673036
-0.60219675
-0.21116805
-0.75770913
-0.56064966
-0.75967887
-0.86746048
-0.94059212
-0.76621262
-0.55038128
-0.51225954
-0.75330637
-1.18312492
-0.27727044
0.26865316
-0.56271518
-0.66516532
-0.64716623
-0.91136269
-1.17139484
-1.1420657
-0.74951459
-0.84470732
-0.56995777
-0.75409507
-0.50858964
-0.27981675
-1.26314564
-0.92108946
-0.53537315
-0.41293536
-1.34729993
-0.51796243
-1.56377904
-1.27554764
-0.36191022
-0.33061838
-0.84730113
-0.09557388
0.20117578
-0.63778014
-0.59535093
-0.2521747
-0.79689832
-0.55116905
-1.07451486
-1.21204309
-0.42829933
-0.69608345
0.3112898
-0.41839177
-0.22179427
-0.00530089
-1.05676851
-0.58353705
0.08991302
-0.60107597
-1.78267895
-0.51252883
-1.01197152
-0.68937048
-0.46758007
-1.13445107
0.11787488
-0.19128874
-1.2480097
0.08121205
-0.2179928
-1.21894569
-1.09956344
-0.25961485
-0.12256234
-1.23050892
-0.92606352
0.64715459
-0.72890918
-1.09454291
-1.08889958
-0.95605589
-0.38903838
-0.66649912
-0.41937445
-0.4065395
-0.43320065
-1.30277723
-1.07343221
0.1428833
-1.08904655
-0.14859573
-0.2461414
-0.34048355
-0.76003462
-0.22586702
-0.07251932
-0.33801014
-1.76261989
-0.84656217
-0.03853005
-0.75179167
0.50093578
-0.49262889
-0.63233425
-1.07206299
-0.49152753
-0.03457178
-1.18896552
-1.16616912
-0.12231666
-0.33825819
0.25316486
-0.79184967
-0.15384789
-0.98277783
-0.30484032
0.11264528
-1.00053769
-0.05778875
-0.66145371
-0.83531987
0.36081107
-0.18521867
-0.75030595
-0.38096235
-0.86466751
-0.19098446
-1.09071662
-0.82691805
-0.20456954
-1.19814522
-0.93503632
-0.29180475
-0.42939917
-0.79231317
-1.23872832
-0.10227224
-0.51727204
-0.48292061
-0.44990271
-0.16814426
0.51971034
-0.89263676
-1.25938014
-0.44861699
-1.2500528
-0.81748706
-0.79808487
-0.11976225
-0.12906008
-0.97738703
0.24954475
-0.68815724
-0.6013613
-1.37448854
-0.44869961
-0.09722949
-1.24819741
-1.56876416
-0.95638292
-0.8693727
-0.17132284
-0.83020519
-0.45017174
-0.44956853
-0.29415587
-0.45454407
-1.19846353
-1.27376715
-0.74761152
-0.14631698
-0.2582643
-1.10164989
-0.15239274
0.26927173
-1.53598087
-0.31760139
-0.90789908
-0.19539987
-1.21876808
-1.55475608
-0.48135837
-0.86708031
-0.91246181
-0.07588773
0.13344696
-0.0804478
-1.17343662
-0.24459782
-0.39304206
-1.20876757
-0.83621128
-1.07837929
0.07888467
-0.59330354
-0.45198811
-0.32194738
-0.16765147
-0.39472106
-0.89329223
-0.1503242
-1.23968584
-2.06760707
-1.72951732
-0.39936274
-0.19562096
-0.38693713
-0.37177749
-0.15027472
-0.23698771
-0.97892598
-0.37915257
-0.40617426
-0.85053359
-1.34972146
-1.14158658
-0.46907921
-0.92233571
-0.8742502
-0.30768923
-0.80912132
-0.49290482
-0.65393536
-0.97410586
-1.38334716
-1.97553035
-1.42510976
-0.84216612
-1.14820501
-0.83469112
0.15108922
-0.15099213
-1.56484524
-0.24998587
-0.3059031
-1.25847095
-0.93388772
-1.13313613
-0.294785
-1.05665317
-1.179731
0.13875485
-0.86114523
0.34872662
-1.06297601
0.38504727
0.21666194
-1.56366958
-0.72194559
-1.11228787
-0.45060073
-1.07967084
-1.15405163
-0.11387293
-1.03377047
-0.99699351
-0.29591724
-0.65708001
-0.89396058
-0.71883335
-0.82739595
-0.93243175
-1.154037
-1.31109394
-0.62120518
-0.32458016
-0.16439853
-0.68269486
-0.62294761
0.11539972
-0.35727177
-0.16441032
-0.00162783
-0.38695795
-0.64721738
-0.39373818
-0.88055228
-1.35072787
-0.60877469
-0.11353926
-0.33243234
0.02411271
-0.43008954
-0.18789541
-0.99101504
-1.09117268
-0.73569429
-0.95320196
-0.52906091
-0.66882278
-0.92842323
-0.78246208
-0.43610448
-0.31837705
0.02708551
-0.04465202
0.06582655
-0.79810143
-0.69511952
-0.23914869
-1.25326206
-0.50439787
-0.51661958
-0.65625547
-0.47357706
-0.09326178
-0.69832977
-1.27372751
-0.32130158
-0.62765862
-0.81361831
-0.63916829
-0.73088877
-0.81154091
-1.24477252
-1.1842963
0.16632033
-0.23541579
-0.8393243
-1.92953432
0.14686338
0.63029779
-1.05014573
-1.58508464
-0.44004277
-1.04623248
-1.76979303
-0.66122346
-0.21553068
0.58786797
-0.22794605
-0.07368392
-0.17104214
-0.16269131
-1.6005699
-1.09044671
0.01804194
-0.40651581
-0.03197651
-0.05535342
0.02229105
-0.48185368
-1.05614525
-0.74462446
-0.47939165
-1.22194916
-0.19325442
-0.51759597
-0.57439466
-0.40405589
-0.3263921
-0.33529485
-0.55256708
-0.0843109
-0.13597575
-1.03604054
-1.09956507
-0.46897678
-1.24861061
-0.21737766
-0.3948534
0.27883518
-0.61349893
-0.4051899
-0.44444217
-0.52473319
-0.52478389
-1.68073702
0.09398892
-0.28353244
-0.39280687
-0.84498173
-1.00031954
-0.07076285
-0.75221377
-0.63825459
-0.53318336
-0.80118266
-0.24654936
-1.12656706
-0.34834668
-0.07931494
-1.49056194
-1.05208097
-0.18824718
-1.1869639
-1.05124277
-0.57397258
0.49103256
-0.01063492
-0.7234528
0.75688214
-0.46389248
-1.21128299
-1.45308222
-1.68296704
-0.46880262
-0.27227294
-0.93668015
0.01554787
0.31225877
-0.27671178
-0.46571927
-0.71753467
-1.19355032
-1.3138612
-0.81265321
-0.25663964
0.35941558
-0.33574144
0.4248191
0.0963598
-0.2804601
-0.65656397
-0.93550761
-1.08215071
-1.21889724
-1.01595247
-0.59584878
0.14260702
-0.89043785
0.60521781
-0.07234244
-0.92745641
-0.47860451
-0.68136978
0.12357545
-1.19457002
-0.47615218
-0.58431546
-0.54616247
-0.77153882
-0.56129141
-0.11984959
-0.34245296
-0.37908762
-0.43445869
-0.84469304
-0.95810999
-0.25329149
-0.24997007
-0.05229006
-0.75025702
-1.11978712
-0.48111676
-0.23897183
-0.59334836
-0.52633209
0.35572609
-0.93107709
-1.10324673
-0.6400111
-0.90481181
-1.44195752
-1.28165092
-0.27802767
-0.03371381
-1.40428176
-0.08078133
-0.35439833
0.16393155
0.3859653
-0.5511563
-0.1575744
-0.45199063
-1.29944769
-0.9531904
-1.1337322
-0.16522422
-1.39947932
-0.51877921
0.17675602
-1.5235442
-0.2438367
-0.51502154
0.11574936
-0.45966753
-1.18224582
-0.53464642
-0.397562
-0.44554777
-1.09367755
-0.80382013
-0.33309034
-0.58729762
-0.08643252
-0.16171407
-0.84284899
-1.04503778
-1.01019061
-0.80093357
-0.4243956
-1.0747941
-0.12860864
-0.54533169
-1.11532272
0.24006068
0.22021245
-1.01286086
-0.28346223
0.07171181
0.04311964
-1.32404223
-0.27766911
0.20365304
-0.64199099
-0.61278878
0.20117998
-0.2328115
-0.60111989
-0.14439534
-0.48090064
0.00139347
-0.47686397
-1.13131184
-0.52194167
-0.44975397
-0.49537183
-1.16081725
-0.61714031
-0.70245399
-0.03305977
-0.34655017
0.11692108
-0.03353176
-0.05111677
-0.48907478
-0.91815098
-0.51609383
-1.77229694
-1.15969905
0.1860873
-0.57495294
-0.43899298
-0.13109538
-0.36391155
-0.76803574
-0.68691374
-0.51311075
-0.70881975
-0.07270872
-0.50994978
-0.40312176
-0.16468865
-0.74710765
-0.19009587
-0.42592766
-0.83604285
-0.63315689
0.21995794
-0.27553969
-0.02187156
-0.5792996
-0.42856518
-0.87734148
-0.73314025
-0.16267763
-0.00612528
-0.71463471
-0.96490768
0.03902099
0.17764915
-0.00219349
0.02266903
-0.64035738
-0.51886474
-1.52148186
-1.02620604
-0.62315578
-0.39488792
-0.71548949
-0.31715489
-0.07879113
-0.12609168
0.11394889
-0.74020006
-0.18227724
-1.60215756
-1.21844126
-0.80864738
-0.71574608
-1.15004838
-0.79863704
-0.56431827
-0.4297669
-0.54124406
-0.21949754
-0.2380653
-1.28484387
-1.07657965
-0.34211352
0.08264921
-0.52320823
-0.88299702
0.35631104
-0.45714201
-0.83267494
0.06786057
-0.54656185
0.03668411
-0.35458519
-0.70825385
-0.03902547
-1.02737044
-1.12194948
-1.20582562
0.72448398
-0.24417812
-1.2517453
-0.88882945
-0.06935124
-0.63774676
-1.18053289
-0.5918458
-0.62908707
-0.90233379
-0.75664164
-0.39878792
-0.18902756
-0.86319543
-0.50104096
-0.38493704
-0.46814648
-0.65532262
-1.05664065
-0.50178713
-0.83463427
-0.77439057
-1.45354552
-1.2205792
-1.30684999
-0.05785945
-0.75589242
-0.24886804
-0.10093136
-1.11058624
-0.57445615
-1.2639272
-1.15628726
0.0225395
-0.24950485
-0.38881642
-1.86550706
-1.58276871
-2.00587173
-2.14408118
-0.98199598
-0.619984
0.20469035
0.22097098
1.32332688
1.17207303
-0.25985301
-1.63394454
-2.16323808
-1.82809245
-2.05691414
-2.42741727
-1.84198228
0.21587201
0.71207504
0.83031299
1.24288552
0.44854457
-0.41920012
-1.08822067
-1.34587736
-2.63231719
-3.24556278
-2.12233386
-1.22830672
-0.6132101
0.35931729
1.61196351
1.52537766
1.03953978
0.81217502
-1.03251794
-2.16099491
-3.08310646
-2.40949053
-1.77376603
-2.14850853
-1.26710691
-0.51359631
0.69091876
0.7422309
0.20622718
1.61437817
0.20775665
-1.66116213
-2.2496757
-1.52083763
-1.95118664
-1.94747146
-0.82906822
1.05641662
0.77127728
0.45421128
0.65593087
1.07628365
-0.95245893
-1.5024306
-2.58233983
-2.52649942
-2.0904458
-1.57461227
-0.13494453
0.6348682
-0.02064892
0.57280102
0.875555
-0.20251132
-0.82577542
-1.1038694
-1.52523491
-1.16785893
-1.04710093
-0.62698754
-0.34581806
0.14295099
0.86814794
0.97232052
0.47655596
-0.55323172
-0.35754632
-0.00860384
-1.54427268
-2.41733977
-1.42292161
-0.81688567
-0.68979269
-0.34401672
1.48006389
-0.56421142
-0.69070481
-0.4039329
-0.46441735
-2.10819453
-5.74041539
-4.99312883
-3.78961076
-1.67129653
-0.63478797
2.61028366
6.45331095
6.37048462
4.21849572
2.34450873
-1.40607419
-4.55369275
-7.76912486
-8.18346703
-7.05243269
-3.88808106
-0.60368901
3.38727511
6.81120493
7.55021002
5.78679396
2.95086918
-0.52054731
-4.73384134
-8.34229758
-8.93488144
-6.68327666
-4.59259455
-1.46099727
2.69109679
5.48114111
6.84656607
6.78287851
3.04869269
-0.84523169
-3.38007871
-6.23011582
-7.11786441
-7.27326996
-4.48185367
-1.570567
1.86006067
5.50736606
5.72932534
5.42667439
2.81090119
0.38400151
-1.92111853
-6.10482514
-7.28014477
-6.36003631
-4.22511732
-1.91365921
0.90120164
4.6006686
5.99685669
4.39528384
2.78360642
0.90328561
-2.15804299
-5.47646223
-6.06916473
-5.46043741
-3.46669503
-1.81534825
0.9280134
4.14641939
5.64913943
4.48651574
2.53761809
0.06549366
-3.08116499
-4.49436945
-5.49810328
-5.252957
-4.26428571
-1.81939826
1.75672499
3.34270403
3.47749907
3.90354602
2.89283754
0.79344874
-2.15124568
-4.47638264
-5.42858984
-5.07363922
-3.562866
-1.37803683
0.67781629
2.80801326
3.72590049
3.49672891
2.22005582
-0.27013588
-2.41858256
-4.30463895
-4.79171153
-4.7156515
-3.36498286
-0.63177875
2.37170882
4.15471374
3.36674967
2.11727747
0.93766174
-1.95329521
-3.51821522
-5.05654498
-4.01865848
-4.51744785
-1.26559185
1.13070228
2.51604922
4.27600725
3.09106006
2.29372761
-0.05298905
-2.59199144
-3.88744602
-5.64060011
-5.28878784
-3.28059185
-1.4066802
0.80687878
3.12037685
4.49575425
3.40816387
0.94131386
0.85975068
-1.78626765
-4.47111571
-4.71380579
-4.04275041
-3.12912015
-2.28602385
0.76611113
2.86968796
3.54252084
3.39000681
2.92584004
0.26121479
-1.6383659
-3.88263731
-3.85745185
-3.89981124
-3.2175743
-1.24681936
0.5897695
2.00055179
3.02584178
3.06491283
1.92502024
0.21833228
-2.11889717
-3.39856575
-4.06717623
-4.09001333
-3.7462295
-1.24560791
0.70331329
0.97372461
2.84920282
2.29462882
1.75405998
0.34772413
-1.50850775
-2.20265905
-3.81285802
-3.5039437
-2.99809541
-2.02182087
0.30866846
0.42540595
1.75757107
1.89119584
0.72889101
0.17139187
-0.23728795
-2.04783165
-3.73330532
-3.22565242
-1.93690665
-1.37506083
-0.23006416
1.48916782
1.86556024
2.27510469
0.5431335
0.53645489
-0.90976317
-2.18505587
-2.86314315
-3.04729669
-1.64681112
-1.66358907
-1.06132483
0.99955771
1.21130613
1.16379138
2.09664469
1.7207467
0.8384779
-1.76727717
-2.94690538
-3.64709054
-3.77901027
-2.85114823
-2.03271332
0.00365283
1.27418141
2.66359603
3.7045564
2.01087187
0.97070473
-0.54251844
-2.61986637
-3.99592742
-4.27808917
-2.89378203
-2.35284935
-0.87007717
1.09030198
2.21995819
2.59701195
1.81330433
1.75766675
-0.03686494
-2.45133295
-2.97193902
-3.03035703
-3.35763699
-2.5878295
-1.39076458
0.73672706
1.81923409
1.60831939
2.44805995
1.41370512
-0.30589258
-2.2614029
-3.45822042
-3.12886797
-3.5039528
-2.65598884
-0.82664005
0.52349595
1.72878522
1.45750084
2.00733887
1.51467529
-0.27587178
-1.33145241
-2.80793512
-3.01984203
-3.04473318
-2.02804125
-0.35809368
0.56457768
0.39656375
1.18079173
2.01190114
0.70019183
-1.06389997
-2.18776476
-1.53199637
-2.31753434
-2.31061934
-1.71571769
-0.96769871
-0.48942528
0.67649826
1.14771266
1.082564
-0.27912976
-0.71603315
-1.85812563
-2.6185492
-2.83711723
-2.49671862
-1.54005095
-1.75973043
0.50602988
0.56434082
0.50327916
0.10329006
-0.20735157
0.23606304
-1.85364403
-2.47574884
-2.15342993
-1.81547447
-1.80537526
-1.99815852
0.07426395
1.04570149
0.21478081
0.38187916
0.04211837
-0.72574908
0.01286446
1.4015592
1.77343636
0.53739332
-1.99236432
-3.21960067
-3.47474206
-3.9935023
-5.09689
-2.31234438
-0.39407608
1.26716903
3.45737758
3.86779477
3.45750803
1.16224911
-0.56517789
-2.38653774
-4.46230197
-5.39083591
-4.74537891
-2.92375028
-0.99203926
0.32899414
3.01552988
3.76793954
3.47191784
1.55192274
0.16701742
-1.75376852
-3.51316175
-4.81410028
-5.02029325
-4.31116278
-1.94507247
0.18500374
2.04769953
3.03154699
3.60217283
2.61112918
-0.1850546
-1.96626367
-3.64177646
-4.32671323
-3.96178385
-3.79721656
-1.61519654
0.52287477
1.80856128
2.87599978
2.70866789
3.43830821
0.28555418
-1.41739245
-2.97182598
-4.40189526
-3.98265208
-3.20273959
-1.6456118
-0.09176489
1.59489327
2.26659217
3.18119667
2.05859778
0.12770969
-1.2130405
-3.25092046
-3.55677571
-4.1829365
-3.61381407
-1.1856567
-0.23782832
1.10949022
1.69382164
2.57603427
1.33281178
-0.92230494
-0.79299296
-2.20453742
-3.35559214
-3.63054285
-2.12631973
-1.34931235
0.10026222
0.91776107
1.77114866
1.96851617
1.28074303
0.83089584
0.31511252
-2.63684593
-3.7116759
-3.2667264
-3.27500637
-1.73344913
-0.98633117
0.08655132
1.81117394
1.20958793
1.15443752
-0.28222693
-1.00082233
-1.930818
-2.45318956
-2.88150243
-2.25027417
-1.15060608
0.44032735
1.24066186
1.73559476
1.61955087
0.25536346
-0.43398968
-2.18940864
-2.46106025
-2.2974951
-2.74663609
-1.33474115
-0.64286557
0.19514377
-0.09287045
1.12358591
1.52937891
0.34111593
-1.48733682
-1.60052025
-1.93042484
-2.1830325
-2.87419445
-1.5844284
-1.22448269
0.65492655
1.494888
1.00480226
1.36287154
0.19951118
-0.73267173
-1.477549
-1.84793926
-2.5802919
-3.33911288
-1.66334504
-0.48636296
0.16477063
0.93530859
0.55976434
0.74793827
0.12272761
-0.58630249
-1.44390855
-2.66541643
-3.06906899
-1.76997329
-1.52251015
-0.83016274
0.36682983
1.27654307
1.80567182
1.16547547
0.49930607
-1.10944904
-2.07176981
-2.09004012
-3.13062127
-2.79722
-1.24233464
-0.56505055
1.07549228
0.57124774
1.14560065
0.47016449
-0.11293468
-0.56410224
-1.78971734
-2.66341499
-2.18754672
-1.99898854
-1.53842387
-0.50098537
0.36525416
0.22867888
1.13846081
0.98766019
-0.41168516
-1.01764998
-1.64172934
-1.60674981
-2.28622636
-2.34180971
-1.02014009
-0.45041235
0.38250576
0.86936145
0.71865292
0.96737738
-0.69259349
-0.5225445
-0.49715309
-1.10729159
-2.02287287
-4.94578966
-5.20756422
-3.91410821
-2.23584471
1.29652847
3.21181848
6.28479848
5.70827035
3.55611439
0.69446999
-3.02802496
-5.32541444
-8.72828487
-8.2492127
-5.7093884
-3.22596444
0.09092151
4.36862622
6.2063337
6.76492151
4.67429644
1.61930855
-1.5053305
-5.19636771
-7.15169468
-7.43641298
-6.53588223
-3.50928983
-0.65666192
2.67125182
5.65142471
6.21586251
5.50838517
2.61021875
-0.98575161
-3.67583909
-7.04857275
-7.55190008
-5.79989604
-3.08294693
-0.67101597
2.30019524
4.78376486
5.46555001
4.02558183
2.16226165
-0.78975979
-3.18894318
-6.33336776
-6.33145807
-5.72732736
-3.89986568
-0.96827491
2.44065941
3.70885621
5.20440516
3.56162166
2.42933795
-0.03551733
-3.23386817
-4.63213218
-6.12019432
-5.2544964
-4.41163736
-1.14048191
1.05108897
3.55606861
4.09583219
3.51933856
1.93243149
-0.29544836
-3.3688371
-4.78633085
-5.0936079
-4.51264774
-3.74847078
-0.99576726
1.57817081
3.82546974
3.84883181
3.35815795
1.58394404
-0.56801097
-2.73355146
-3.91238709
-4.70530559
-4.64840934
-2.3876348
-0.49922162
1.16677475
2.05864111
3.2403897
2.82408735
1.10570184
-0.60294616
-2.12098342
-3.78042073
-3.96120609
-3.62575945
-2.39663817
-3.2280844
-2.41562189
-0.89319133
-0.03603318
1.94223211
2.87450691
3.70080476
3.41698291
0.3095836
-1.51008736
-4.00260492
-5.07964716
-6.21413962
-4.72050775
-4.18387687
-1.39904242
1.56057727
3.68043691
4.53920891
4.19939748
2.38585684
0.5022397
-2.30838615
-5.62179965
-4.87249942
-5.06092604
-4.08774486
-0.97101243
1.14574696
3.10399924
4.05876356
4.08042781
2.96048802
0.996341
-1.49271029
-4.33681117
-4.46944797
-4.36083706
-3.82363371
-1.75695352
0.02622914
2.10023752
2.77290561
4.1885229
2.25330824
0.16719175
-1.80506453
-2.6141177
-3.44888848
-4.37851814
-3.27896499
-1.89575924
0.77623157
0.86311647
2.13654017
3.18249626
2.40627819
0.29103191
-1.67528072
-2.55401382
-4.07030192
-4.16707779
-3.0885564
-2.75250239
-0.10739277
1.39221589
2.58956116
2.39301809
1.21210403
0.75729988
-0.67853705
-2.63691884
-3.14211881
-3.53383468
-3.00728834
-2.35547121
-0.74980952
1.53631917
1.82625563
1.65534906
1.44437551
0.6446799
-0.71902892
-2.88158949
-2.73316712
-3.7255871
-2.93269481
-2.17126403
-0.59238807
0.9775286
1.70980133
2.06238861
1.57171262
0.25673426
-1.19833235
-2.4207774
-2.797422
-2.3355731
-2.47830915
-2.11210192
-2.71416124
-2.6596253
-2.08907478
-0.8872774
1.63214144
2.30670487
4.1265391
3.73267482
2.95582791
0.35997709
-2.99349521
-4.70210579
-6.15071675
-6.97095094
-5.94859242
-2.46242193
0.30187302
3.46620621
5.29657426
6.33322006
4.54259282
1.48120396
-0.92248436
-3.31138845
-6.67788599
-7.26704188
-5.8417504
-3.32529659
-1.38784232
2.59111497
5.42410976
5.33108703
4.62803537
1.93329023
-0.20727368
-3.59269736
-5.3415724
-6.08954237
-5.53910717
-3.5566602
-1.0758061
1.28033774
3.45181987
4.13265444
3.765686
2.02023985
-0.45900384
-1.78852918
-4.90239985
-5.56069387
-5.24785465
-4.66755264
-1.16672198
1.81654505
2.76653984
3.81252991
3.5721621
2.56041186
-0.12954732
-3.01632778
-4.45642387
-4.78549972
-4.33627685
-3.68536512
-1.48355363
0.73409076
2.90893644
4.46940259
3.25737956
1.93961024
-0.9910239
-2.43590794
-3.29641893
-4.90134365
-4.70422207
-3.20058198
-1.97327387
0.62954289
3.10714178
3.2662761
2.59281049
1.90668724
0.80320483
-2.32641103
-3.44776175
-4.0446972
-3.63362531
-1.77015358
-1.58044814
1.02959569
2.39838431
2.83630088
1.80132568
0.90676813
0.50258858
-2.39402479
-4.03270677
-3.59980547
-3.00203622
-2.35009429
-3.46410453
-1.65896753
0.17388002
1.56858129
1.98825686
2.78161669
3.76752023
2.66281615
0.5027849
-1.35791033
-2.65268462
-5.1480805
-5.6858051
-4.18268951
-2.65865044
-0.62116703
1.70055087
3.68727739
3.7854328
3.50930314
1.87345287
-0.56677076
-2.21374547
-4.6178808
-5.42674509
-5.16465396
-3.5452767
0.14836869
1.16645194
3.53835944
3.46588782
3.45716073
1.64842779
0.26419622
-2.00766958
-3.87938438
-4.59125738
-4.76810327
-2.91296807
-0.68401266
0.51534837
1.87766049
2.8196139
2.77321376
1.22187679
0.39845547
-1.48428453
-2.69868986
-4.06087902
-3.45661015
-2.58905587
-1.31241867
-0.15666209
1.88029749
3.42558938
1.7454201
0.97076009
0.61754949
-1.34481101
-3.58429735
-4.21411432
-3.19754433
-2.5240149
-1.31292036
0.05497055
1.73168081
2.45830297
2.76660838
1.09706869
0.33735846
-1.09837919
-2.976644
-3.45698841
-3.3572195
-2.35629245
-1.05573727
-0.17000097
1.57949865
2.00776562
1.87853156
0.90931506
-0.05399888
-1.35749817
-2.25401159
-3.29674381
-2.97420245
-1.64914582
-0.22187356
0.14636028
1.49865836
1.90956452
1.94703298
1.03964558
-0.34515076
-1.70956559
-2.9089667
-2.34157929
-2.69903028
-2.26596529
-0.30292491
0.53423845
1.23211586
1.56991508
1.03312144
-0.12685235
-0.51877732
-1.30480697
-2.02945725
-2.01665515
-1.94292195
-0.80222577
0.24900532
0.73122751
0.48906112
1.06977214
0.39406317
0.2766599
-0.11061797
-0.67070129
-1.78852345
-2.00973998
-1.05683102
-0.2049305
-1.10336491
-0.07805631
0.74580861
0.48063586
0.86716337
0.05772085
-0.88936059
-1.68258253
-2.52839182
-2.43932973
-1.48289593
-0.6436106
-0.24133985
0.17959359
0.6375968
0.73195825
0.64641652
-0.17238823
-0.22699804
-1.71166952
-2.1519306
-1.38078295
-1.67161913
-0.65236115
-0.44412372
0.07104619
0.5337889
0.46515088
0.40798384
-0.30860367
-1.20023879
-1.61308468
-1.75201077
-1.51871082
-0.9559703
-0.54441156
-0.10664868
0.37800565
0.5945291
0.06948145
0.36495373
-0.42332339
-1.02432784
-0.7255882
-1.18566358
-0.99302416
-1.17566753
-0.46826836
0.5198489
0.12163581
-0.224434
0.6797011
-0.37641298
-0.47153656
-0.03251158
-0.79474823
-1.96443454
-1.28839647
-0.68607099
-0.22655894
-1.05870586
-0.30291225
0.14826986
0.61710193
-0.46669945
-0.97104313
0.07774104
-0.53323565
-0.93970069
-0.58557737
-0.91692912
-0.04477245
-0.67628075
-0.64110849
0.93404997
0.84136291
-0.53631354
-5.17097144
-2.09753122
-4.56203281
2.43856651
1.87217465
3.41658409
-0.10364261
2.18965615
1.99489403
0.49306809
-3.53460441
-4.53214409
-1.5995931
-5.45262251
-1.72046192
0.51539819
0.17705184
1.84528646
1.50207237
5.89926447
1.88708868
-1.2712293
-1.28271808
-3.00630217
-3.75440471
-5.97288288
-2.5110977
0.34456465
0.43071091
1.32524215
2.55079582
3.62267945
2.08322526
-0.55151107
-1.75696189
-3.54481411
-3.74642508
-3.94293699
-3.51782489
-0.69694213
-0.20619532
1.99416227
2.64366663
2.83340323
1.72852053
0.3307798
-1.31884085
-1.93863301
-3.31986602
-3.28478945
-2.624201
-1.80698811
0.35261036
1.40528319
1.87664688
2.94748413
2.05957123
1.79224081
-0.23985047
-2.17759372
-2.90922305
-3.56047615
-2.90794253
-2.12770166
-0.24219199
1.38932291
2.20137237
3.14924825
2.0026304
0.51550281
-0.38540464
-2.15951333
-2.7884098
-3.2253884
-2.9891002
-2.56384409
-0.28955027
0.83917549
2.27646416
2.11548021
2.2762566
0.99522011
0.33486287
-1.84556834
-3.1940453
-3.51193874
-2.13233888
-1.73202416
-1.73720568
0.42020824
2.18374446
2.44204611
1.37501432
-0.09713475
0.00252906
-1.16843227
-3.48104856
-2.61023347
-2.11341813
-3.76416815
-6.75918327
-4.94245503
0.0400732
1.84032642
3.17085183
5.13659707
6.87234341
4.84186083
0.80276687
-2.12555971
-4.65141186
-7.605108
-9.68051152
-8.52797333
-3.75219829
0.06035593
3.27185096
7.34655747
8.78239817
7.6222065
3.98106769
-0.41585376
-5.10772487
-8.35118468
-9.4063415
-8.08273891
-5.06919557
-0.44662509
3.36015326
7.05161976
7.91475728
7.48606947
4.17875298
-0.90273096
-3.759389
-7.5774038
-7.8800559
-8.1919312
-5.46415611
-0.94573185
2.35598471
5.71161304
6.96928586
6.78394581
4.37963445
-0.5738331
-3.42960419
-6.17111837
-7.68032422
-7.72478272
-4.76220851
-2.14777479
1.58010801
4.49847238
6.26576534
5.59389034
3.51320656
1.08704975
-2.96674578
-5.49150264
-7.46975873
-6.79131531
-5.08502368
-2.99985235
0.83155489
4.50129869
5.33498539
5.57809735
4.42033453
2.11863047
-1.90205792
-4.93785995
-6.05519068
-6.75943347
-4.82636433
-2.82920806
-0.04869031
3.25800437
4.57076706
4.4185034
3.72424592
1.56149692
-1.30831796
-4.47490992
-5.36893088
-5.19634403
-4.88363413
-2.73174907
1.28309717
4.06709201
4.66372749
3.70445138
3.56964016
0.40273696
-0.66568934
-3.3946402
-4.78583188
-5.14132815
-4.45953067
-1.34817334
0.13671355
3.25186996
4.59260321
4.76061582
2.81086795
0.40487413
-0.79096582
-3.34176386
-5.19673949
-4.62377062
-3.77326429
-1.30688496
1.11706569
2.38695151
4.38214447
3.38057733
2.4153841
0.4489492
-0.81109618
-2.64053997
-4.04227068
-3.51842553
-3.03014235
-1.48471137
0.77263039
1.49026143
3.22681732
2.75271716
1.74871192
0.46720639
-0.6640378
-2.41794623
-3.19274184
-3.52668514
-2.92419373
-1.3636486
-0.7184789
1.10156548
1.69712574
2.00089504
1.85274596
1.08781127
-0.67022427
-2.13770856
-2.3677614
-2.86600699
-2.52000512
-1.85816845
-0.25827147
1.36327631
1.10521322
1.85596008
3.30156955
1.10347739
-0.48199264
-2.03742409
-2.73139503
-1.92470263
-2.11808202
-1.93768203
-0.10117057
0.70883515
1.97838783
2.41823857
1.83629032
0.49920413
-0.99247217
-1.16128652
-1.92411571
-3.03898275
-2.6995163
-1.7272208
-0.49060037
0.49177027
1.65171432
2.1471747
1.517114
0.61818626
-0.59356184
-1.16537819
-2.33389317
-2.00425714
-1.07389967
-0.67969334
-0.64962807
0.83202429
1.14454382
1.59178317
0.67414386
0.83212718
-0.49474731
-1.62144021
-1.62470996
-1.64895065
-0.86770603
-1.75950259
-0.61231654
1.0023213
1.0722411
0.83819531
0.38263154
0.90556929
0.30963667
-1.8360711
-1.58768751
-1.41789079
-2.72022481
-1.68746502
-0.47673913
0.3408561
1.00940214
1.19903171
1.32003762
0.90307367
0.18573541
-0.9454693
-1.39626532
-1.97922429
-2.77757975
-1.70403516
-0.66130519
-0.09150145
1.41319071
1.99673028
1.13803813
0.17036501
-0.27010529
-0.41557912
-1.0181256
-1.92450756
-0.74459096
-1.21127582
-0.02038829
0.51214967
1.24229417
0.45145367
0.34567235
-0.49990392
-0.30693427
-1.00252405
-1.58554479
-1.56838807
-0.46866386
-0.66072995
-1.32654143
-0.25673283
0.42473386
1.14130094
0.27543828
0.1630338
0.04972661
-0.58404814
-1.46176632
-1.6541634
-0.90502279
-0.82274106
-1.24875077
-0.08047464
0.58131408
0.38854888
1.2013631
0.73839949
0.75220388
-0.61792412
-1.3325435
-0.95733622
-1.13325082
-0.60088155
-1.03785657
-0.51541414
0.25341145
0.02632271
0.51795339
-0.16124157
-0.44468867
-1.07902002
-0.57110335
-1.63668507
-1.71052549
-0.34354105
-0.31871639
-0.01496902
0.1749992
0.72478176
1.26090403
-0.15305855
0.0001155
-0.87248723
-1.35881937
-2.05417088
-1.65975062
-0.57749891
0.08511615
-0.28895981
0.33465245
0.04042247
0.00556395
-0.50018039
-0.78346663
-0.17186962
-1.692045
-0.58803745
-0.20334654
-0.95677451
-1.34462279
-0.02995312
1.29509455
0.64119302
0.04446033
-0.53469605
-0.04501223
-0.54291337
-1.84341917
-0.76835314
-0.14452901
-0.59341043
-0.85743635
-0.15093132
0.09812879
-0.42501844
-0.30642342
0.19217154
0.67053273
-0.62160146
-0.40535775
-0.9138425
-1.29733586
-1.20625915
-0.9673804
-0.96137617
-0.87571551
0.41321042
0.84205881
-0.46660609
-0.40133613
-0.45859738
-0.17301436
-0.70603244
-1.38672472
0.28234341
-1.05422626
-0.70958256
-0.60395885
0.47751037
0.98016158
-0.55804166
0.1533143
1.07790841
0.69068168
-1.25725546
-1.64102203
-0.37904652
-0.25095677
-0.09773755
-0.13196985
-0.15324381
0.22176829
0.46018468
0.63199201
0.20531035
-0.97099543
-0.63429992
-0.62422206
-0.4544254
-0.84490597
-0.14656105
0.37580003
0.83132817
-0.00727518
0.71690368
0.19341849
-1.68683264
-0.73237796
-0.03239054
0.59463786
-0.47531485
-0.69753329
0.53895385
-0.00865936
0.57021446
-0.22981891
0.68066173
0.07284331
-1.84635764
-0.61244341
-0.34075653
0.29675664
-0.38094298
-0.49707927
0.62602583
0.08473436
-0.13816025
0.32428468
0.14249416
0.14811775
-0.37940631
-0.46917866
-0.67912406
-0.1460869
-0.28188433
-0.40714913
0.19776894
0.5663121
-0.66198718
0.31267765
-1.09179935
0.16337494
-0.23872301
-1.05292177
-1.28873019
-0.66605519
-0.17629967
-0.00798998
-0.48152177
0.15947217
0.1737981
0.02506308
-0.01596211
0.1820574
-0.38349346
-0.48910663
-1.10453028
-0.28494403
-0.44388304
-0.30342514
-0.72564698
0.38712354
0.01298604
0.55512698
0.55582981
-0.13330394
-0.80946778
-0.27206589
0.24590513
-0.26500451
-0.96054734
0.16263526
0.97639029
0.29617214
-0.12660812
0.17888548
0.52644251
-0.09302736
-1.09589009
-0.23985612
-0.42395834
-0.57882445
-0.81427924
0.09633546
0.8264202
-0.32927878
-0.74701549
0.92541497
0.43578624
0.03588623
-0.98567856
-0.20137859
0.22099542
-0.30785229
-0.44714444
-0.30406641
-0.22493927
0.44450491
0.20089457
0.60261089
0.46651505
-0.29132549
0.86963937
-1.09714401
-0.73405726
-0.84928397
-0.35843647
0.20366276
-0.53938151
0.64808581
-0.31344751
-0.0067051
-0.55841053
-0.53995781
0.24192605
-0.22125294
-0.80388517
-0.41217352
-0.35200507
-0.10212671
-0.15046779
0.212658
0.44593063
-0.21179318
-0.0296939
-0.07922038
-0.20542627
0.0216216
-0.42181015
0.60873193
-0.18225535
-0.20025716
1.34396793
0.85565389
0.94718597
-0.36857294
0.12487685
0.69010653
0.0575902
-0.17790756
-0.52643956
-0.11656586
-0.02111485
-0.84943067
-0.24339628
0.98055062
-0.02385155
0.49005891
-0.45546069
0.5514859
-0.00366228
-0.40146612
0.41833121
-0.50775859
-0.30013164
0.07262552
-0.26217674
0.08590694
0.05554378
0.48394972
0.28323554
-0.21403912
0.46930088
0.12700665
-0.4833909
-0.07657115
-0.7441297
-0.35473462
-0.25144105
0.29187773
0.21646565
0.78738234
0.4923017
0.69844584
-0.32500088
-0.9955401
-0.86858085
0.90210644
0.0133513
-1.0823983
-0.15497595
0.61398995
1.00116354
-0.36736563
-0.04500309
1.30927141
0.17589693
-0.88902452
-0.00091748
0.9511061
0.23562192
-0.49688511
0.0762183
0.70691396
0.01481152
-0.3797986
-0.39765769
0.44004288
0.18702502
0.5088522
0.61815461
0.65958495
0.92279161
-0.06017842
0.54836053
-0.52495284
-0.11467112
0.12229975
-0.51547614
-0.49877911
-0.58328164
0.49423885
0.85292405
-0.02852326
0.42802903
0.34158977
-0.2704732
-0.0721327
-0.13823404
0.36977313
-0.57485378
0.02987587
0.21309054
-0.3572212
0.1053467
0.65429543
0.75444214
0.33029644
-0.46080269
0.16133603
-0.58116748
-0.12667892
0.44302563
-0.19205899
0.90754646
-0.06486485
1.08036106
1.25061034
0.25558324
-0.75671831
-0.36277028
0.78168473
0.71055961
0.17638091
0.1137192
0.26820709
-0.04560022
-0.01029632
0.04981737
0.54489894
-0.27845285
-0.14741551
-0.02511958
1.20825667
0.03330706
-0.58081052
0.29672811
1.08445373
-0.27219403
-0.39351394
0.49906638
0.52734415
0.66734541
0.44094267
0.52032549
0.2204364
-0.42073747
0.40813736
0.50420369
0.69424534
-0.33416146
0.39040522
0.6420385
-0.65458606
0.61166798
0.65749265
0.38199034
-0.11495708
-0.34530837
0.80827043
-0.03265588
0.1068189
0.20541656
0.02782055
0.16951893
-0.51787149
0.00206849
0.56566622
0.33079098
0.03697727
0.28354764
0.52059065
1.02312871
0.07273872
0.58457578
-0.18074802
0.52408455
0.17790985
0.4704538
0.30172625
-0.14876377
0.7594641
0.53939744
0.62278215
-0.39711325
0.55917118
-0.22380542
-0.05608995
-0.51183932
0.14762907
0.66143518
-0.5535387
0.94346661
0.78580187
0.8418898
0.5661567
0.96369648
-0.30200556
-0.84717394
-0.12564034
-0.23187372
-0.88334123
0.56165375
0.32191519
0.75536125
1.12890182
0.95705794
0.99554545
0.25652957
0.21548668
-0.63456365
0.14430764
0.1453711
-1.29423732
0.42329856
0.82578531
1.29098126
0.06167131
0.18915012
0.57974193
-0.47577746
0.63086925
0.87432225
0.47022634
-0.42228926
0.21391952
0.64603351
0.10729708
-0.3912315
-0.32305152
0.23768061
1.05362553
-0.49278829
0.11861479
0.5523454
0.02180193
-0.46304594
0.03808632
0.1313674
0.57848946
-0.33801004
0.17091916
0.02976239
-0.51837442
-0.3083998
-1.06128837
-0.79098643
-0.43020688
-0.61395534
0.58311389
-0.13142397
0.35100036
0.77496655
0.26770504
0.37494531
-0.38702582
-0.22345743
0.4280236
-0.13186114
-0.19782938
0.29725882
0.56738069
0.15486783
-1.30018509
0.78981859
0.35918651
-0.2180471
0.86631514
-0.065723
0.53684652
-0.0139777
-0.07062803
0.25045485
-0.331341
-0.32245475
0.53190014
0.26459274
0.66281168
0.00069496
0.02069141
-0.54143228
-0.79842981
-0.61010632
-0.45627134
-0.41472093
-0.82418547
-0.11874286
0.28325061
-0.97193043
0.0146244
-0.10374458
-0.37984899
0.03736224
-0.37712807
0.47271789
-0.2481303
0.41419875
0.57908882
0.85812131
0.58698824
0.00544404
0.1792419
0.00487124
-1.67702991
-1.00067505
0.20718751
0.28366201
-0.1274009
0.92450166
0.50502529
0.40919542
-1.35786689
0.26938342
0.45943572
-0.29873814
-0.8187683
-0.1475019
1.5681998
-0.41106211
-0.84060595
0.3569588
0.1174799
-0.17422769
-1.00444866
0.18884767
-0.67242117
0.14842455
0.51211635
-0.16096697
-0.11541376
-0.40570519
0.27521987
0.53072829
-0.49928787
-0.28520156
-0.82160845
-0.02831169
0.33349736
-0.37996003
0.20338739
0.09028332
0.0379244
0.35811328
0.55605348
0.04696012
-0.39294552
-0.16082262
0.72235011
-0.59831273
-0.47400176
-0.14067292
-0.19830001
0.12063114
-0.38538697
0.21277806
-0.04591796
0.07677615
0.13563038
-0.06096313
-0.37474155
0.00858671
1.02864525
0.17176828
-0.21159041
0.10171888
-0.43996835
-0.03427672
-0.10851793
-0.80888349
-0.19070602
0.32391238
0.30550226
-0.39640167
0.19015054
0.44332116
-0.12151972
-0.03446378
0.68044842
-0.50004285
0.05235692
0.18797897
0.56045046
-0.05305179
-0.2066888
0.62516795
0.23975336
0.1494558
0.73848117
-0.38570652
0.17364567
-0.32975286
0.01383864
0.54123141
0.04052236
-0.53120076
0.97780169
0.04091147
0.55049444
-0.42893877
0.2965173
0.27535368
-0.21887772
0.5381464
-0.20495405
0.39968578
-0.09035095
-0.39035318
0.47505203
0.32880676
-0.09039694
0.06461243
0.36106861
0.00069549
-0.12847297
0.56960906
0.21427762
0.80998731
0.28470491
0.51429383
0.59888011
-0.70877907
-0.15895743
1.01671083
-0.84167472
0.42570373
0.22650768
0.88194501
-0.47701322
0.49361252
1.33134542
0.46085065
-0.01411895
0.48627881
0.20501635
0.42733265
-0.37228167
-0.05692941
0.01822971
0.53926211
-0.13558981
0.09036532
-0.29084817
0.41797273
-0.12424296
0.14870334
0.71176965
-0.07138452
0.32248793
1.0748753
0.57363225
0.22332247
0.0956485
0.65656664
-0.95277981
-1.12156617
-1.08300971
-0.35982942
0.26849624
-0.28064422
0.64852515
0.2842245
0.15097604
-0.21894391
-0.38381157
-0.16207782
0.07803311
-0.06281585
1.14937307
1.11643471
0.50629649
-0.09377538
0.8858416
-0.10368194
0.02122846
-0.42074707
0.30141423
-0.47884554
0.46286459
1.09809576
1.3620829
0.0452253
-0.64591739
0.01166272
0.22034456
-0.59973171
-0.40152071
0.12438274
0.32022419
0.3260212
0.49049558
-0.48648253
-0.5474011
0.765536
0.73079168
-0.06340348
-1.12580492
-0.24279421
0.58862016
-0.82716566
0.32269974
0.00638328
0.22848695
-0.05426365
-0.06215595
0.73987904
1.07214517
0.77281298
0.44370796
-0.19720201
0.22361623
-0.72432791
-0.31137517
0.57983087
-0.36260446
0.22710015
0.50188479
1.13249263
1.02495988
0.19285305
0.42234779
-0.45724557
0.27727169
-0.04046488
0.29653139
-0.37747283
-0.56502507
0.83897931
1.09314845
0.64168095
0.27317414
0.17533277
0.55010193
0.58873913
0.02171517
0.08412883
0.21743644
-0.26907968
0.14002416
0.40239898
-0.28841274
-0.5738311
0.84338758
0.97464975
-0.50536085
-0.59150595
-0.12667511
0.00625166
-0.23692993
-0.75292966
0.88039702
0.05682263
-0.493059
0.85419374
0.7919836
0.28159897
0.22169844
-0.5623692
0.85636839
0.09629675
-0.14418214
0.49204545
0.63171046
0.83089277
0.13962988
0.03389529
0.6100483
0.66065024
0.58651714
0.44993983
-0.34208285
-0.06555439
0.0391625
1.11657212
0.100197
-0.36276851
0.61247663
0.34442538
0.0327729
-0.00718253
1.29357843
0.99964213
-0.11917983
0.29282855
0.32420804
0.51530788
0.3333707
0.12115352
0.53084539
0.2764989
-0.08044725
0.80421245
-0.145686
-0.05017475
-0.01310076
-0.16092356
0.44877465
0.6701099
0.63983028
0.00115598
-0.27103543
0.21665625
0.78283714
1.06327429
-0.17135306
0.45032979
0.82933108
1.06830754
0.59421234
0.65152246
0.4365505
0.44950848
0.58215155
0.73969547
0.76246376
0.39018566
-0.51704875
-0.23202165
1.19566774
0.45838329
-0.02168712
-0.65682204
0.04755502
0.32417194
0.05251389
0.84708282
0.12526318
0.02226028
0.63251108
0.52096533
0.48483555
0.2050316
0.44115907
0.21786519
-0.19709368
0.16531016
-0.13361753
-0.17106405
0.37855551
0.43122316
0.73574441
0.73248905
0.7151126
-0.38454904
0.12599195
0.56930069
-0.62430136
0.11070882
0.6080593
0.32961161
0.91369305
0.6437139
0.6396069
0.0250203
-0.02018405
0.29951137
-0.69596713
-0.44965177
0.03747578
0.1121426
0.28452591
0.80797945
0.90479332
0.90584375
0.18942173
-0.33861639
0.34924039
0.56142059
0.1522008
-0.28228245
0.82570757
0.64914557
0.55897419
0.52114288
1.61760779
0.87910706
0.37458305
0.44514234
0.88358842
0.31295729
-0.55030689
0.19512036
0.34717857
0.1298584
-0.35909937
0.87406888
0.86984298
-0.0294239
0.46908924
0.46773928
0.5114247
0.01029005
0.09238781
-0.07122219
-0.10835338
0.69682645
0.75574521
0.59582351
0.2872037
0.06865961
0.71484616
0.05073335
0.26026974
-0.33145882
0.2341828
0.30351781
-0.0768789
-0.05731475
0.87433242
0.46076322
-0.30102777
-0.29582342
0.97689994
1.31116436
0.31453401
0.40108904
0.92792985
0.37154313
0.43225492
-0.10111319
0.33092712
-0.17699665
-0.05565771
0.27777462
0.07130102
0.19709312
0.09245154
0.9678814
0.66422183
-0.0228591
0.69597525
0.3183789
0.51955389
-0.20152107
0.31782087
0.79027372
0.85865664
0.85101223
1.1064641
0.05725096
-0.29141151
0.20791809
-0.10898988
-0.19819576
-0.4674471
-0.08368867
0.70383936
1.01513871
0.41268961
1.22057356
0.88578698
-0.33507985
0.5437814
1.19499227
0.2056568
0.31374028
0.15800395
0.53514103
0.24553941
0.33548003
0.94519365
0.83100816
0.31941792
0.48424481
0.39363696
0.40047613
0.36178661
0.70886697
0.85419145
0.52155393
-0.07798888
-0.08995015
0.35450114
0.62992433
-0.10239244
0.10121559
0.56424326
1.42749115
-0.05222738
0.44558709
0.57113819
0.34049399
-0.74088018
0.27482217
0.81124776
1.08869388
0.96511758
0.79304591
0.68048542
-0.12574806
0.48722329
-0.14027351
-0.49140031
1.300058
0.58621001
1.21774787
0.71657862
0.64778753
0.97864829
0.05410147
0.00276451
0.57553196
0.17602096
0.41998537
0.11406233
0.30093016
1.3039911
0.51349399
0.26449848
0.99308192
0.87664205
-0.61102839
-0.7368055
0.01889499
0.41183938
-0.26156438
-0.19358955
1.03336972
2.07966752
0.58122044
0.51745961
0.37069746
0.73466315
1.07464456
0.78211907
0.25870473
-0.22128393
0.72573443
1.14651486
0.45114511
0.43197762
-0.34276139
0.52664188
0.39616062
0.37790641
0.50575906
-0.0214784
1.06324995
0.43700077
0.51845015
0.89338264
1.0046862
0.31654377
1.37281963
0.56367981
0.86182807
-0.17414663
1.02836015
0.06689507
-0.2201744
0.43511845
0.66500454
0.63870714
0.10557627
0.71464675
1.17310478
0.130954
0.04021301
0.53712367
0.84021326
-0.42615443
0.18629768
0.8095545
0.57702278
-0.06025765
0.6198834
1.14983875
0.68971818
0.40240514
0.94904309
0.52376164
-0.21308469
-0.06311554
0.66287387
0.11021317
0.32832602
-0.32962758
1.14985626
2.1052531
0.36711436
1.09004722
1.12681351
0.15207245
-0.15969861
-0.47519415
0.56267618
0.13882818
0.01490253
0.72181763
0.26264073
0.66075216
-0.08410574
0.12656028
1.31736051
0.68109574
-0.17086613
0.25201273
0.59568305
0.14282222
0.28249748
0.04845257
0.10021659
0.16254823
0.34848858
0.48195551
0.00265752
-0.1765422
-0.29099123
0.36688582
0.29322002
0.92871189
0.40711411
0.59351757
1.00804669
0.95335211
0.45033763
-0.23370813
0.32976838
1.00274151
-0.27279171
-0.46891814
-0.314591
0.96770545
0.25273701
-0.03122503
0.11777831
0.68779632
0.22118636
0.59825754
0.27590696
0.47209146
0.26701236
-0.3437584
-0.10059413
-0.09333762
-0.29402342
0.5630073
1.20880534
0.67913769
-0.22851662
0.73916271
0.31406142
0.08605202
-0.4433323
0.10508194
-0.25378171
0.15244007
-0.64272017
0.37827036
0.49878645
0.38838557
0.69768175
1.04841417
0.73948297
-0.54187527
-0.01169005
-0.02615198
-0.16502377
-0.05556413
-0.17851604
0.64356989
0.57848087
0.47518589
0.15137533
0.20251379
-0.45184946
-0.62240824
0.3519269
0.39141957
-0.1654925
-0.03907556
0.84369492
0.05828282
0.78166782
0.63778792
-0.34430959
0.30636476
0.28525589
0.61741708
-0.92145833
-0.68100943
-0.39219619
-0.03882261
1.14775154
0.9932927
0.88291107
0.58912142
0.37148269
0.26957083
0.43206469
1.38118682
-0.36346929
-0.7592612
0.33003454
0.14136461
0.33085253
-0.14213583
1.10131748
1.31410427
0.3837955
0.40214678
-0.0261486
0.31712995
-0.14619738
-0.44820453
0.24918285
-0.24517386
0.18240418
0.61932748
0.70720171
0.81348612
-0.01097987
0.94740588
0.61780093
-0.19522768
-0.42699667
-0.55601549
0.09467173
0.74879165
0.59151188
0.84535842
0.15933305
0.74280129
0.31963362
0.26399004
-0.63736582
-0.22955764
0.11569422
0.09380138
-0.41553274
-0.02270678
0.90204192
0.45633615
0.74674935
-0.06690964
0.31266209
-0.01765543
-0.70351299
-0.19491509
-0.31158685
0.55440995
0.34341493
0.40101442
0.90014586
0.4392855
0.47494931
0.82050582
-0.31418211
0.38584518
0.59837401
0.88419108
0.2476295
0.14419419
1.10938
-0.3038422
0.97765018
0.06605797
0.62556046
1.16495016
-0.08316774
0.38437722
0.58915725
0.31275528
-0.47202723
-0.3346885
0.73228946
-0.14466682
0.22355033
0.75369851
0.35924925
0.7078545
-0.7014892
0.54138107
0.58435356
-0.0019444
0.27827082
-0.0281119
0.55162199
0.2706316
0.15535805
-0.10966555
0.24195567
0.8332016
1.14816582
0.37101338
0.72156611
0.02783954
-0.42466532
0.11502426
-0.22000486
-0.07841051
0.81032888
-0.24172456
0.81070408
0.33332585
0.91699944
-0.52923627
-0.4021911
0.92913951
0.19885916
0.42054079
0.07627291
0.21429192
1.13910196
0.39296945
0.12164079
0.30849672
0.3507722
0.65789835
-0.53636704
-0.55114002
0.00961103
0.93506247
0.64757865
0.63137921
0.01003696
0.20781869
0.22060451
0.7596929
0.30728236
-0.23140735
0.24120875
0.18752022
-0.1365787
-0.36229296
0.77333377
-0.45119265
0.39354456
-0.25178705
1.14518191
0.26239161
-0.52481622
-0.29975721
1.01773813
0.77310463
0.32880587
0.39590759
0.32532435
-0.08744181
0.5806529
-0.18223695
-0.10615688
0.00034745
0.0162832
0.64952311
0.73781418
0.18787767
0.04617889
0.40208383
-0.50281346
0.48248877
0.18335211
1.0843975
0.43838931
-0.11825523
0.60863083
0.35808586
0.08610274
0.78874077
0.44896602
0.44498853
0.66825239
0.01840311
0.88346725
-0.20029328
0.44390095
0.45264448
-0.14798076
-0.19163579
-0.10782164
0.48395654
0.58673206
0.79942735
1.10188493
0.88437933
-0.2418061
0.35161233
0.06515115
1.04476913
0.2440605
0.26725744
0.2140108
0.85027386
0.4008841
0.50648117
1.33188255
0.52365994
-0.76869141
-0.28701688
0.60343446
0.70248287
-0.38317149
0.32662876
0.88465879
-0.79678173
0.49313752
1.0651147
0.64537822
-0.10843376
-0.11774514
0.09636134
0.50493169
0.7816985
0.71379532
0.90148415
1.01260138
0.09526498
0.41013414
0.96915877
0.55657111
0.60148864
0.38941078
0.75759244
0.51670992
0.12130607
-0.08626735
0.88160307
-0.35170067
0.88698435
0.25242741
0.02581791
-0.03917465
1.3654838
0.97489871
0.55367554
0.8757485
0.37648136
1.01969748
0.91702092
0.35933498
1.01199165
0.70477794
0.74157591
0.41529685
0.60382618
0.32248152
0.34266368
1.55715972
1.11491078
0.5353733
0.90395603
0.47488524
0.33685219
0.55802663
0.05038901
0.27704257
0.17099496
0.30772375
1.28272284
0.90860256
0.68461608
0.18328348
0.14132004
0.97499248
0.45182008
-0.42026684
0.19714903
0.09220253
0.34840238
0.08674861
1.10101319
1.09180805
-0.19399947
0.51305873
0.7327627
0.98445467
0.31527007
0.21742238
0.71668475
-0.19131968
0.87119864
0.3009024
0.41244305
1.18146692
0.49888589
0.86424759
0.76492536
0.43844827
0.82244663
-0.5763602
0.19936131
0.57781743
0.9511469
0.46452486
0.21461726
0.59905274
1.82651536
0.43278949
0.75776784
0.70483739
0.92951222
-0.33433018
-0.0077664
1.17948977
0.62035326
0.36950209
0.46823876
0.84678951
0.59509578
0.88261887
0.33053205
0.66024207
0.37077204
0.26794566
0.7383894
1.04487424
0.76617892
-0.25235348
0.10918674
1.13159298
1.03133951
-0.34254751
0.26692917
1.20653263
1.01849591
0.82377467
0.38409267
0.73186346
1.05315697
1.44038679
-0.14241351
0.49446828
0.90324173
-0.02962672
1.06552491
0.82478958
0.25786591
1.15681012
1.40663547
0.747134
0.5751438
1.13314943
0.62516196
0.15478599
0.80123426
0.73968107
0.83638478
0.52185466
1.63048345
0.6089786
0.64327221
-0.74522915
0.04212315
0.91938711
0.13245128
