0.
0.
0.
1.3947247
1.57878736
1.33962631
2.28374781
2.51565512
2.29589187
1.60216804
1.76291171
1.47658135
1.59070251
1.13485497
0.76458065
1.42915015
2.63170442
2.01221698
1.72238985
2.67984698
2.24950172
1.53665018
0.83378785
1.89295977
1.17343109
1.09822439
1.06363315
1.33268176
1.41156573
2.02339765
2.88300184
2.36389497
1.51331467
1.92878518
0.65158199
2.01332478
2.24897893
0.99120987
1.36593293
1.80897839
2.09746074
1.72262378
1.6103473
1.44564406
1.66316408
2.04131754
2.03032988
1.95822335
0.99089625
1.72174134
1.76703016
1.38909742
1.97179415
1.38618678
1.60107898
2.03972529
1.27227216
1.96030972
1.60844398
1.95065854
1.22946863
2.02407059
1.37829361
1.21492792
1.64107144
2.32811149
2.49017952
2.2359054
1.99734822
2.45476031
1.9812187
1.61880591
1.44358242
1.40813431
1.64209307
1.96192092
1.8309641
1.62882234
1.05544619
1.80441887
2.41083389
1.41480633
1.09329937
1.63041291
1.73853128
1.3442927
1.33097722
2.51613891
2.2754465
1.7686844
2.57132561
2.39525215
2.25352572
1.71214942
1.70394101
2.03085355
1.67817346
1.88680691
2.12246753
1.85782283
1.19908283
1.72945432
2.26011512
1.97253072
1.86092918
2.60527101
1.63235276
1.91649258
1.30190795
1.99015937
2.23822951
1.59446229
1.52631382
2.29596533
2.44810725
1.7504263
1.79632407
1.47126265
1.92418332
1.31383189
1.57802884
1.07516098
1.25589281
1.59428484
2.22551781
2.50011704
1.97043403
1.63751871
1.63251236
1.73029723
1.89145354
1.32602435
1.13783211
2.09546054
2.03900807
0.92007066
1.58894629
1.52673765
1.30160863
2.85878571
2.16680117
1.69515551
1.49059391
2.00933611
1.52283662
1.5058507
1.36119836
2.45104213
2.22445703
1.13868468
0.54681556
2.33908452
1.97013315
1.19406861
1.63290815
1.50292717
1.81357651
1.29994898
1.64710045
1.44056774
1.40115675
1.12901802
1.68164621
1.80728198
1.47411093
1.81998104
1.96336651
1.51934446
2.15008098
2.35733515
2.07013389
2.00740601
1.66660744
1.69072166
1.58648123
1.83195858
1.16185188
1.55049159
1.85994088
1.6166792
2.41824778
0.75940987
1.42897166
1.42747797
2.71091935
1.93624676
1.15282179
1.50119351
1.75607057
1.8521163
1.5472087
1.5117679
2.32067685
2.78720925
1.77881835
1.67238342
2.26086321
1.65900319
0.90970862
1.56474267
2.26572086
0.62564737
0.98032069
1.25477268
2.26631555
2.82251109
1.72585078
2.19754919
2.78163304
1.82287115
1.51506299
2.43517195
2.22373801
1.43561357
1.23573556
1.62055226
1.58277761
1.84063307
1.5329541
2.47812387
2.05259684
1.65166892
2.12484906
2.34800247
1.55878775
1.67200548
1.94345892
1.04480502
1.25474823
1.55335083
1.64239467
1.99120231
1.8782849
1.63767059
2.5279305
2.03111607
1.64356687
1.8042721
1.96365118
1.27982026
1.84516221
2.00781475
1.03251555
1.18951269
1.41079486
2.52830713
2.21331391
1.8180997
1.66718206
1.64226837
1.55221033
1.56500681
1.74063189
1.48220735
2.24634908
1.77824155
2.29737723
1.79732498
1.77451374
1.31061401
1.8580136
1.63282603
0.50173096
1.78846866
2.22535281
2.31371247
1.89473243
1.33019698
1.53907927
1.55751004
1.84614655
2.2338938
1.52908231
1.7844387
1.70826906
1.5990423
1.58019657
1.61393195
1.90969641
2.07143965
2.19512428
1.63231035
2.5124891
2.12270738
2.03366326
1.41866371
1.85183548
1.64783768
1.0944113
1.26347294
1.6708056
1.57658534
1.77122309
1.61313932
2.20451112
1.75855299
1.95504217
2.61735683
2.35913328
1.75010769
1.66269675
1.54246354
1.70464061
1.83503566
1.81868295
2.16316648
1.9370943
1.53303162
2.00183098
1.52366047
1.47997322
1.18426291
1.43324102
1.98499644
1.74455506
2.76086222
2.10364211
1.88244112
1.33264919
2.08075798
2.27948012
1.37840849
1.54152717
1.93210172
2.32037448
2.58468992
1.94384028
1.96836921
1.76465159
2.31654339
2.45295547
2.01019863
2.69546412
0.96335107
1.18966639
1.68548126
1.54050767
1.52024285
1.91933064
1.68567117
2.61165439
1.0093334
1.90758232
1.90193921
1.95490409
1.40525306
1.2780042
2.06366351
1.03710543
2.04774206
2.13622524
1.61580164
1.00475178
1.05513374
2.62241489
1.92463631
2.21136256
2.43007602
1.79884011
1.49246453
1.32011611
1.63982908
1.03327377
1.57348507
1.09256134
2.13910337
2.171006
1.52433775
2.51263591
1.77120152
2.61652334
1.94369589
1.28079004
2.07088762
1.40154323
2.05065605
1.61549654
1.59468327
2.09209378
1.180311
2.25115185
2.22560922
1.42767229
1.66182044
1.92946786
1.71398176
1.93365034
1.59999379
1.45503705
1.65697228
2.52764956
2.08117022
1.31581741
1.53583593
1.50221954
1.72626371
1.58890957
1.54295324
2.01512583
1.86250107
1.56956407
1.73959288
1.95924186
1.61651806
1.72829115
1.86804668
1.89703638
2.02912663
2.36561701
1.92075486
1.862956
2.15560187
2.36178485
1.31694771
2.47817219
2.16133077
0.72940191
1.59847142
1.5452525
2.96912708
1.69809479
1.63217478
2.41106427
1.3703954
1.35400077
1.57965678
2.38615518
2.39696152
1.58982377
2.27417497
2.32614017
1.72527278
1.44756436
2.17097636
1.49346244
2.09611383
1.83785365
2.44801552
2.03834466
1.32498917
2.99053652
2.40907439
1.85601595
1.76456184
1.74550642
1.50227957
1.87125258
1.80040909
1.60155228
2.2994335
2.68053581
0.82896274
1.97249411
2.19073889
2.73550506
2.27933105
2.09319922
1.87492757
2.31502595
2.63958872
2.43819072
1.56849707
1.70768614
2.04316536
2.11043485
2.47293036
1.62753927
1.54752569
2.36090437
2.21545774
2.32681606
2.08291114
1.69405658
2.05006953
1.88788471
1.80255112
2.05862915
2.12751931
2.31608603
2.32187857
1.88087465
1.7037993
1.62504533
1.87902071
1.8190675
2.33108551
1.34176122
2.33794473
2.03078611
1.88061253
2.14200426
2.01658802
2.03934751
1.61117253
1.89903053
1.33451739
2.08385393
1.65180131
2.58284554
2.15952123
2.49322356
2.20952627
1.52023548
2.15168769
2.35997123
2.21559683
1.77705586
1.8944232
1.54425341
1.82512477
2.48031181
2.2786366
2.32792913
2.29415258
1.91017732
1.7027476
1.87907645
1.39248956
1.46960989
1.80737516
2.32788471
1.83038327
2.40374887
2.00554047
2.67393907
2.42699633
1.68483757
2.07798185
1.40832645
2.03110122
1.53745944
1.35751228
1.63485733
1.11366434
2.40266966
2.05992095
2.87691967
1.76139372
1.48543637
2.32645444
1.79425034
2.02730245
1.74766672
1.58347983
1.85403383
1.8988218
1.57754342
2.40700446
2.34823993
2.0391028
2.06605923
1.6212548
1.75915066
1.14487769
2.21656286
1.54837776
1.03815433
2.11887712
1.28081963
1.07855834
1.59441435
2.2894983
1.77832764
1.92959991
2.18742965
2.45095961
2.25114663
1.85220713
1.68618253
2.52397684
1.47082054
1.32735539
2.85134117
2.27322452
2.56831087
2.29786993
1.7500236
1.78783888
1.45845229
1.77309738
2.11402359
2.11148538
1.46526063
1.80023819
1.61791736
2.00906666
2.07706971
1.98261628
1.83457936
1.76253663
1.64411789
1.84443417
2.57546492
2.30476118
2.13657385
1.7072478
1.83259086
2.08301114
1.23360456
1.82265436
1.7447031
1.58550255
2.15580228
1.82973601
2.11198592
1.64600295
2.07749856
1.59885702
1.85496739
2.08543658
1.81022445
1.4116748
1.77144474
2.21987539
1.7056716
2.24832379
1.87422735
1.14733277
1.13645089
1.31046002
1.4010924
2.3975831
0.90471423
1.51604238
2.30278525
2.33276955
2.08674318
1.32855564
1.24657052
1.2279094
0.8189697
1.40704072
1.1013674
1.61682747
1.78597787
2.14297033
2.14843428
1.39849267
1.71485898
1.37554954
1.30578273
1.68261492
1.38439426
1.25565673
1.25693216
2.42034063
2.3623153
1.90379066
2.17402801
2.00393313
1.72640539
1.33502029
1.66559262
1.45412932
1.7202584
1.72622286
1.73585626
1.98375878
2.05356415
1.83657855
1.41542986
0.97053725
1.16745358
1.75562881
1.3486402
1.40502125
1.68293294
1.62690497
1.62394795
1.43650221
1.90056376
2.4186258
1.36356126
0.9409291
1.687988
2.01635189
1.42551166
1.48701375
1.41835786
1.64953033
2.4107701
2.06723096
1.51941657
2.41061974
1.7849641
0.7456661
1.45279845
1.47095401
0.93692359
0.91283335
1.32699853
2.14392299
2.19145036
2.41910091
2.42756208
1.66353527
2.10457292
1.77187704
1.25969241
1.3846769
1.56222584
1.70635097
1.80239106
1.73012853
1.21606535
2.36458731
1.40956724
1.76937209
1.82843504
1.6606482
1.54259722
1.62007922
1.10885601
1.72969742
0.54779409
1.4386331
1.20287757
1.86247866
1.7925645
1.63417491
3.16946593
2.01338604
1.62254119
1.71533285
1.67490189
1.41101796
0.71930072
2.33365531
2.13008799
2.11800106
2.57009892
2.02827126
2.51383508
2.16558459
1.796861
1.23501908
0.99885021
1.33098879
1.8960086
1.52559396
2.16421084
2.69782925
1.4919292
2.38619764
1.6253185
2.01007679
1.93246684
0.78220977
0.38014821
0.83351069
1.47322355
2.31697872
1.11987625
1.40607084
2.00686051
2.01826825
1.52985172
1.97827154
2.28961847
0.79139334
1.31214811
1.52675129
1.92104739
2.02368695
2.23946912
1.69131103
1.90488401
1.20351682
1.29175741
2.15414365
1.37710772
1.68390901
1.35323988
1.43058067
1.74353358
1.37700576
1.64253252
1.9150645
1.4039579
2.16366851
2.3015967
2.50025795
1.52014783
2.02005653
1.59516934
1.7189621
1.440829
1.87912061
1.86678367
1.75294824
2.38036464
1.77619651
2.4471359
1.0820272
1.70600303
1.71209448
1.30104522
1.50709571
2.06174274
2.11112003
2.33572886
1.75479061
1.53737214
1.77309385
1.26971886
1.34559648
1.61208249
1.62536747
1.18993193
1.74228295
2.65523177
2.05652405
1.2893167
1.08512955
1.19297862
1.58538481
0.57953778
0.93596626
1.92646824
1.89474657
1.88256527
1.95677429
1.43678396
1.80427443
1.72708933
1.9472813
0.9881261
1.60263549
1.58155054
2.04914871
2.78136916
1.79330462
1.87531772
0.84006615
1.54769299
1.27986861
0.99685747
1.62891524
1.42574459
1.84760764
2.62944701
1.82462688
2.01724257
1.68951934
2.0546211
1.65144906
1.01837899
1.29097036
2.6569351
1.91572633
1.78600898
2.08522961
2.72404671
1.96850841
2.36566103
1.77255527
1.97486896
1.53153335
1.01560245
1.76724391
1.45798034
1.60728671
1.52968225
2.31207524
2.44782838
1.53180545
1.78727606
1.40461836
1.8461673
2.24924049
2.29003397
2.52236206
2.07652728
1.65313486
1.86953709
1.76863786
2.23995376
1.96933841
2.29258963
2.02124573
2.02613772
2.08842728
1.91151123
1.88684266
1.6249712
2.03851541
2.08839799
1.19356477
1.32373364
1.87511799
1.73570209
1.7718139
1.23006235
2.57063195
2.14694776
1.1341283
1.58707734
1.5345061
0.28733889
1.51265879
1.38523224
2.50774971
2.35637026
1.96570921
2.63017912
2.03654413
1.80387128
1.2471317
1.69710316
2.03269945
1.51172714
1.92786993
2.46002319
3.01648559
1.94833839
1.95116537
2.64579974
1.30164164
1.4004289
1.63346739
1.59213178
0.87841127
1.26053147
2.3431636
1.82777703
2.40964272
1.65142996
2.09559039
1.78840207
1.92194623
1.82543847
1.28504613
0.89388061
1.80057508
2.33567788
1.51708411
1.4950706
1.86137628
3.1907453
2.53536515
1.95994942
2.27331055
2.8638053
2.00981338
1.78036658
2.22112738
2.21810724
1.43864906
1.5976344
1.78628801
2.62944692
2.56135052
1.89311625
2.20573907
3.25642479
1.93040919
1.40837125
1.29759132
1.68974196
1.34438176
1.63280184
2.19259395
1.89545039
2.25957317
1.47364749
2.88455076
0.86367531
1.82954796
2.28362034
1.98037106
2.43294733
1.26302904
2.00371307
1.66842006
2.02690291
1.99222982
1.9781758
2.24287473
0.93240002
2.11036993
1.80889338
1.97556059
1.30808503
1.30413373
2.67256918
2.28999943
1.82976568
2.6357671
2.1133691
2.01237668
2.12098478
1.79374443
1.24980593
1.52083262
1.87755281
1.72011267
1.90432821
1.58461593
1.75037591
2.2366761
2.16479135
2.42069291
1.59239127
1.76228998
1.87306423
2.04774132
1.99095375
1.39926802
1.6862804
1.41807707
1.83597505
1.80447351
1.93076614
2.22699765
1.55718573
1.47405353
1.90595584
1.81571702
2.09744073
1.98790076
2.27217349
1.90963297
1.51580842
2.2153843
2.01749649
2.49285336
1.78157125
1.54418553
1.85917697
1.72959334
2.37970359
1.78203982
1.91812877
1.66027741
1.65071427
2.04827589
2.40464556
2.67243365
2.23798453
1.87439241
2.71923051
1.94514845
1.10381808
1.04973393
1.6598159
1.45580993
1.94896872
2.23450447
1.96922285
2.24893571
2.34461844
2.62609847
1.71887173
1.63988902
1.82404777
2.35616599
1.47414693
0.87122735
1.236216
1.80220298
2.37585719
1.59640628
2.21740701
1.67346815
1.29958055
1.26199512
2.34022245
2.55193528
1.33498282
1.61918046
1.77622461
2.0070984
1.95999037
2.38401975
2.36648749
1.74072969
1.48570038
1.78929848
1.5966624
1.13974244
2.14813424
1.184418
2.39367176
1.96127585
2.64760033
2.76725033
2.01987187
1.70600016
1.20156198
1.84447652
2.24517929
1.59832818
1.30765203
1.85535232
2.25543931
2.01194872
1.53755123
2.03863428
2.00084953
1.94968133
1.75421114
2.11224274
1.64702055
2.00159474
2.28219149
1.54500027
2.12381451
1.81722633
2.02775424
1.72931113
2.51805069
2.09063199
1.5635384
1.72579528
0.9352798
2.18461269
1.31966153
1.85312449
1.36631144
2.23622583
2.60385026
1.47565685
2.85287024
1.86205578
1.35807362
1.17343349
1.50470075
1.55746007
1.71144363
2.66027079
3.33210661
2.48460798
0.43244172
2.68640587
2.42244465
2.12268955
1.01741949
2.20733527
1.39072726
1.22783673
1.78320257
2.8164966
2.66337059
1.76589263
2.1059078
1.45766034
2.86059719
1.54700722
1.98322565
1.27423277
1.662537
1.15938831
1.60925708
1.68007747
1.72615392
2.3468519
2.36341231
2.45198423
2.26422348
1.90547364
1.86560326
1.06384723
1.46711118
1.53179327
1.44062562
1.57202017
2.0258244
1.45903908
2.35982625
2.61750615
1.60662711
1.58066865
1.68172324
1.3748117
1.65153947
2.04784627
1.5972293
0.93517611
1.95556082
2.40251047
2.07441887
1.83718563
2.27168555
2.45663506
1.19175251
1.47874302
1.42755397
2.14746056
1.44738245
1.69866717
1.94466026
2.51134688
2.62671992
1.78326508
1.86866725
1.76802552
0.2571587
1.1335262
0.03567263
1.14817022
1.34364649
1.61664351
2.6422103
2.45526099
2.28626748
1.74052879
1.04472734
1.45176359
1.50204391
2.08634605
1.74144258
1.06216399
1.27253513
2.14950988
1.92326176
2.07042534
2.14488241
1.60109279
0.88038247
1.61295163
1.64002056
1.08129225
2.00795277
1.52904334
1.90871546
1.71412258
2.08534204
1.39690617
1.84303584
1.4373239
0.65054945
1.64234006
1.30993254
1.20221553
1.9270385
1.66399208
1.37258621
1.44331502
1.51739128
2.02797863
1.54634365
1.49339501
1.72793913
1.97720897
1.95732177
1.38164515
1.30185931
2.05379799
1.17114602
1.81652054
1.84572182
1.99706518
1.22197317
1.45245167
2.12196469
2.22148953
1.61504372
0.99045471
1.1729436
1.51831161
1.83537294
1.70552323
2.33589444
1.55489703
1.7693721
2.67854671
2.44890253
1.61695573
1.12821304
2.38901974
2.00129779
1.25569631
0.92379117
1.90690791
2.46172711
1.6091061
2.34087433
2.10309633
1.91028644
1.9003312
1.29441857
1.25046481
0.6214339
1.59621047
1.79494803
1.03936458
1.1224408
1.33788996
2.43619105
1.95557173
2.10970684
1.67477793
1.36356432
1.49318291
1.51048995
1.98201451
1.85618823
1.11965847
0.50250879
2.1835624
2.66706681
1.18725256
1.89157163
1.63605192
2.07024989
1.2054808
0.40302508
1.37637339
0.88034554
1.78407175
1.73162082
0.99279607
2.08932156
0.99821553
2.02502462
2.11826691
0.9131241
1.11744355
1.14836803
1.1132152
1.28397746
1.04165121
1.94519442
1.12705678
2.00092388
1.24478837
2.13609093
1.44639887
1.00995837
1.04183412
1.39110794
1.40097484
0.87748242
1.30556031
1.64836411
1.19224273
1.92887955
1.59581667
2.20197227
1.13994031
2.07939672
1.35636944
0.21089769
0.40884049
1.8208482
2.58292085
1.25426462
1.68232606
2.12126385
2.2075833
1.18323061
1.27876965
1.76344174
0.5908987
0.57611904
0.09173458
1.46439298
0.49833411
1.67625408
2.01127555
1.79896802
2.01847579
1.25114976
1.13459103
0.00549104
0.80357315
1.21782974
1.32066738
1.96998041
1.74968347
1.88303395
1.66289453
1.51200043
1.05996753
1.09250076
1.48230442
0.74991637
0.80346489
1.15100451
0.9808095
1.69299444
2.14572909
2.58179529
1.4433447
1.67557783
1.98979992
1.9073676
1.30072406
0.44374501
0.45732486
1.05645048
0.98574007
1.09865905
1.22660144
1.77071873
1.23906335
1.9212253
1.5899339
0.62893983
0.93242592
2.1314709
0.82595734
0.92832076
1.46522754
1.8234372
1.15301725
1.51554879
1.68992645
1.71655199
1.81230507
0.49188924
1.02895272
1.49000315
0.66088068
0.96873854
1.71419398
1.53078726
1.10318523
1.22470195
1.69913707
1.89896353
0.77242042
1.35457615
1.15478242
1.11639598
1.60115311
1.7475093
1.46925301
1.44122861
2.17400964
1.59407768
0.90251572
1.8427936
0.96646935
0.8524151
1.02336132
0.57752943
1.08982167
1.40627509
1.11421335
1.40190136
1.68015427
1.47516566
1.23621047
0.90407862
0.98747676
1.58446111
2.37284463
0.73014486
1.58858796
1.66005179
0.20120681
1.06591763
1.77713272
2.64794906
1.53732723
1.21347813
1.9502743
2.1773074
1.25412547
1.02294018
1.52315042
1.39864947
0.74930873
1.60358866
1.9542819
2.32984395
0.72545162
2.16427217
1.56131789
1.90536319
1.26599382
1.06409998
1.46543817
1.14636827
1.53770941
2.45280615
1.13076313
1.12202216
1.79468424
2.13824377
0.70081782
1.60507833
1.80159659
1.14434496
1.60321956
1.8481276
2.06413984
1.25942946
0.80511296
1.34812933
1.98965241
1.45630961
0.55977837
1.64484749
1.78451373
1.37283151
0.90660184
1.5018009
1.74477666
0.75062684
1.03382915
1.31430923
1.77560991
1.52844629
1.62532006
1.99483684
1.26003133
1.68407583
1.65564918
1.38730239
1.49939829
0.43712323
0.90290735
1.48162622
1.32197508
1.6913657
1.9675187
1.11929203
1.39288776
0.61376983
1.9588814
1.09240617
1.24236171
1.82415903
1.5773018
1.40650192
1.25209685
2.0813844
1.73046288
0.76897918
1.12072019
1.13951271
1.4297939
0.39469626
1.46177433
2.26509559
1.59821831
1.46933711
2.46143724
3.05877969
1.1545962
1.72277688
1.18623656
1.18119564
0.9694985
1.03037772
1.25225243
1.52021773
1.40852398
1.46970774
1.82277648
1.53766999
1.48726595
1.90297032
1.25063056
1.22651706
1.95121412
1.73337179
1.34052555
1.98943893
1.93759225
2.00690384
1.96585121
1.90799227
1.38017702
2.30597348
1.63612466
1.31620135
1.61999621
1.60908748
1.41291382
1.29857936
1.93288369
1.58871918
2.0895184
1.5741557
1.40789448
2.47177463
0.80265601
1.3210941
1.14621721
1.28261358
0.9057141
2.00457613
2.05544589
1.65986375
1.10774783
1.30156981
1.60660447
1.24156524
1.28364876
0.84533676
1.61786588
1.07769258
1.38800831
1.73869038
0.86084314
1.14438731
1.85007001
2.17240843
1.40350147
0.77411204
1.11207915
0.96099458
1.1855855
1.512125
1.98413218
2.11968268
1.90676375
0.99729058
1.14216812
2.10942648
0.54017405
0.79696773
2.24161729
1.48620434
0.88552724
1.3457829
1.77565683
1.92080529
1.1098187
1.59677194
1.53172402
1.21763581
1.57111489
1.01766744
0.8217878
0.6770418
1.31987574
2.1372036
1.94671172
1.34947353
0.9187306
1.50076083
0.62901425
1.82432602
0.79575932
1.75995827
1.05929735
0.96614426
2.69164532
0.64975379
1.32834331
1.83696506
1.48079232
0.93466958
1.34673785
2.0431288
1.60560738
1.30643067
0.88503945
0.84059358
1.41693555
0.8207328
1.33846996
1.4232146
1.85259084
1.39106104
1.67564476
1.90282446
1.53954684
0.74631568
0.54235462
1.17620831
1.00489534
0.68235942
1.07044585
1.18663521
1.45212815
0.81304987
0.76214298
1.73744187
1.24086727
1.69270477
1.68623382
0.52064561
1.38844176
1.28636662
1.7437884
1.22749491
1.27796788
1.63730537
1.78354689
1.59259424
0.55869716
0.82826816
0.33095844
0.44463933
0.7787172
1.57733223
1.16986278
1.00989874
1.79411836
2.07276844
1.38899393
1.2692168
1.6291302
1.52551173
1.15810699
0.35503572
0.72670737
0.55625137
-0.17100373
1.29307352
1.91013527
0.88854187
1.11833361
1.45420405
1.6790491
1.51393047
0.43569668
0.62539264
1.14009609
0.57528607
0.93358256
0.81034215
0.74774353
0.44333569
1.5267732
2.42761935
0.59187001
1.65982303
0.12007635
1.40895474
1.73189976
0.78185656
1.16246496
1.88205905
1.22195662
1.07600376
1.33176368
0.74368706
0.8422139
0.57486968
1.60425797
1.95128661
1.00539301
1.17123167
0.81610358
1.86451416
0.47517731
1.52832217
1.90950261
1.13989014
1.44460557
0.76913001
1.29628596
0.72912629
0.16248171
1.26666255
1.34441732
0.80066332
1.41621682
1.63510405
1.43526799
0.86505916
1.14301215
1.67880385
0.37157147
1.18627602
1.93021462
1.68276747
1.11548745
1.08505702
1.84392218
0.65298262
1.13899792
1.57176126
1.71808112
1.5889444
1.48872247
1.68707078
0.64690209
0.50507209
1.7930147
1.63060835
-0.18137823
-0.40266892
1.79588202
2.02779413
0.82559304
1.05641837
1.82874108
1.35471854
1.83589981
0.53372549
0.32659556
1.17188393
1.81078023
1.36032082
1.29694145
1.45264546
1.84770289
1.04204512
1.81481675
1.72248509
0.54786073
1.30284962
1.37551023
1.67289233
1.49872214
0.80048615
1.38453742
2.40950228
1.54243415
1.44081296
1.74610856
1.94356258
1.45852818
2.30012942
1.13526558
0.71990293
0.31147424
1.04201028
1.13747498
1.01997585
2.06415088
1.98711627
2.1473189
1.69865246
1.12160945
1.89460265
1.04754824
0.34382203
1.8871928
2.14350946
0.65604771
1.18307505
2.23386836
1.25773136
1.15742479
1.16160635
1.68876861
0.79204383
0.4116094
0.80722904
1.70585618
1.22774296
1.05179388
1.42495407
1.63420008
1.23483596
0.90426514
1.34784183
1.64918442
0.8417514
2.04648765
1.94089661
0.84826117
1.82647969
1.35609154
0.98995939
0.43575438
1.12778866
1.85699212
1.26437125
0.63822405
0.96167494
1.68083026
1.99591472
0.31329198
0.63353892
1.45515897
1.09525681
0.71354056
1.28610362
1.23756229
1.03098852
0.80222049
1.16430898
1.42996934
1.33866756
4.17509708
10.21569634
18.49936386
17.74653395
9.93203483
-0.02800073
-9.86997554
-19.47674438
-24.13700875
-20.77233372
-11.54277182
1.46127333
14.25999053
27.53813967
32.27877337
27.41395524
18.87569152
4.66920763
-10.38218499
-24.67189857
-30.11625714
-26.96219064
-17.81710254
-3.94559332
10.53154688
25.03447705
32.61523766
29.82095315
20.84996432
7.36253093
-7.27350957
-20.53125631
-27.54330518
-26.83353137
-18.98051742
-5.80629089
7.50598189
20.15705009
29.08297253
27.97175603
19.70450253
8.40192059
-4.24158586
-16.95731851
-24.7581121
-24.87484249
-17.68125032
-6.20307665
5.32844237
17.78098024
25.99605063
25.83619166
19.28938319
8.38082612
-2.89451276
-14.02168349
-22.23464229
-21.63084187
-15.37363171
-6.61541008
4.18710759
16.38640562
22.31711386
22.75932376
17.0295623
8.49338253
-1.98255484
-12.70114212
-19.49461176
-19.12134288
-14.55721968
-6.13784754
4.45128937
14.43668416
19.96640695
19.36556721
16.37601985
8.1296645
-2.57550937
-11.8251677
-16.31957182
-17.61542079
-12.71656891
-6.30269163
3.1456723
12.32922666
17.73643
18.22183787
14.68674252
7.3979974
-2.41078582
-9.94900416
-14.59628547
-15.54674339
-12.67140019
-5.56065025
2.63045186
10.48017284
15.04868316
15.9610142
11.78575449
17.71086247
13.38217925
5.41827168
-4.60990143
-13.47417189
-17.87826618
-24.19327184
-15.86355946
-7.43301011
2.82818401
11.85532316
20.24340607
28.97950838
19.90562443
10.69675307
1.7203372
-7.21517388
-17.23285731
-27.05602942
-20.72057954
-10.88501056
-2.09313436
6.69588169
16.93726898
28.21359041
22.2800265
12.67573818
4.31821447
-3.83174085
-13.31967919
-24.50268021
-19.95133008
-11.28279147
-3.85438401
4.59463954
13.38436978
24.61263842
21.4681741
13.16806701
5.27467742
-1.80990163
-11.46608279
-20.73220673
-18.89979539
-11.59297815
-4.00691783
3.77275103
13.0527541
22.02678275
20.26068204
13.4553527
5.95179881
-1.81026208
-10.1282545
-18.36738107
-17.34477447
-11.60169785
-4.3514526
3.75360372
12.63888193
19.93646176
18.33977477
12.9163029
5.64933337
-1.83972175
-9.21014857
-15.96507758
-15.91036176
-11.19635033
-4.40635443
3.67689775
10.77837062
17.36312131
17.26689312
12.11672564
5.68298777
-0.82683487
-7.15090051
-14.20212925
-14.63407062
-9.85612038
-3.64712347
3.04266728
9.33621569
15.45639505
14.91134468
10.77236023
4.77475592
-1.09678367
-6.75726944
-13.05129523
-12.70565312
-8.46477941
-3.5415207
1.96158886
8.29023044
13.69472834
14.79627642
14.56922252
15.17144793
16.81749914
10.00289711
2.55324374
-6.35433587
-17.74344996
-26.50273845
-22.53977049
-12.26438442
-4.17563658
5.36134381
16.60112839
32.40780385
30.16763254
16.74106907
7.84860158
-1.07634089
-11.83770011
-28.48353849
-30.76432938
-17.4850805
-8.42913912
0.49903323
10.99591122
27.81110348
32.56220267
19.32577739
11.09335834
2.17698102
-8.31646651
-23.05698721
-29.98048364
-18.98466962
-10.13690662
-1.83738824
8.14003067
22.60142182
31.27274528
20.81038959
11.68506769
3.11050204
-6.12692758
-19.15324575
-27.52280604
-19.0386487
-10.24197032
-2.17416916
6.85561463
19.88199668
27.99297378
20.16275749
11.48969954
3.45405244
-5.08191134
-17.25496684
-25.09127372
-18.24135929
-10.01014312
-2.18832733
6.42828391
18.44191503
26.24551575
19.86212097
11.85474241
3.67985101
-3.99721768
-15.77639587
-23.25935659
-17.15149352
-10.00444451
-2.2746315
6.321265
17.56015753
24.14353517
18.32429196
11.29730343
4.00135804
-3.91279947
-13.7657049
-20.02658169
-16.32656992
-8.97280859
-2.88150097
5.33686492
14.53220367
21.76242711
17.84906616
11.14583932
4.2550872
-3.60086091
-12.22881057
-17.97997187
-14.68925969
-9.24601226
-2.8491924
4.67023794
13.1926772
18.79976023
21.04121344
29.37553885
20.10220672
-2.26747085
-12.28333359
-19.1906971
-23.3570027
-26.46758402
-14.56105128
4.84827105
12.3036483
18.14804392
22.41578942
25.9418756
18.10717814
-2.67640548
-11.14268773
-15.81421814
-19.24581151
-23.19793975
-17.7913303
2.98957423
11.36018706
16.3666475
19.43028405
22.92953215
19.61284957
-0.87203641
-10.21215529
-15.13383799
-17.78558877
-20.4051882
-17.62611808
1.49179931
10.91868166
15.10954694
18.35262698
21.85924072
19.57714384
0.45335217
-9.79305521
-13.89081605
-17.30607365
-19.24607979
-16.95603916
0.07705746
10.73666424
14.97601481
18.42231042
20.44443575
18.0584974
0.74332127
-8.81983747
-13.46090794
-16.50574301
-17.84922434
-14.78984816
0.4364335
9.51458713
13.88875761
17.11883747
19.68506585
16.94249566
1.95581261
-7.81978608
-12.51568579
-15.55237213
-16.73085984
-13.50010089
-0.02483967
8.66380904
13.88064624
16.92600662
18.10078736
15.12723328
2.11808791
-6.73371591
-11.35709927
-15.23810586
-15.6488243
-12.38818215
-0.43929865
8.48821681
13.33363892
16.1883003
17.12525259
14.48682613
3.33610627
-6.42873943
-11.18176621
-13.91484828
-14.70569523
-10.97510576
-0.73843763
8.0859853
12.17234057
15.82972742
16.96984407
14.15855867
3.66418198
-8.88586934
-12.14742544
-18.26297407
-24.28272894
-21.490787
-16.93069559
-1.18464293
14.84319202
32.47019485
29.82925636
24.38150616
19.0823144
5.79363677
-9.37199699
-33.35926238
-32.60231459
-25.07073473
-19.71949028
-8.39064631
7.4277825
33.80701974
35.34488281
27.37738899
21.33064471
11.0677027
-2.9033069
-28.61931661
-34.11779466
-27.78212088
-20.83859439
-10.93792545
2.13248312
27.48973435
35.77591737
29.07659504
21.85265465
12.6422795
-0.32132131
-23.46620424
-33.71303594
-27.82766037
-20.90446167
-11.9169069
0.407542
22.57791982
33.7293592
29.09477038
22.12677001
12.74467368
0.57473635
-20.32071498
-30.88779101
-26.96826704
-20.69467297
-12.220577
-0.41045015
19.84331994
31.31109215
27.91009242
21.21444422
12.94637006
1.81049141
-17.24314445
-29.03206244
-25.48060692
-19.88858974
-11.54016842
-0.68684997
17.75811252
29.50638352
26.54127169
20.73698949
12.69015552
2.38496498
-14.4465745
-27.07509319
-24.40472024
-18.35119586
-11.82405531
-1.05902108
15.22558766
26.92437273
25.44637821
19.60575273
12.49311303
1.8973673
-12.96392663
-23.20756651
-22.55981281
-17.58417737
-10.85085692
-0.36597471
14.29597044
24.34623647
23.93054777
19.39935733
12.29633809
2.62381384
-10.58021489
-20.9699133
-20.36656238
-11.6617102
-11.25418923
-9.74961406
-6.11683116
0.46110043
7.82734445
14.3890142
21.65314624
16.10023097
11.23292871
5.41784341
-0.72990111
-7.91833785
-19.87329845
-17.66822516
-11.9493187
-7.15243442
-1.62881816
6.09330246
20.07857677
20.13084661
14.41243743
9.65452374
4.21214813
-2.37275374
-16.07933908
-18.09599478
-13.3974961
-8.8845131
-4.20093943
2.27528589
15.27148314
19.79518378
15.09848656
9.79558868
5.70806653
-0.4550199
-11.69574589
-17.38700966
-13.47892337
-8.97743416
-4.70807397
1.24619992
13.14425101
18.10835408
14.48483782
10.0704037
5.87350768
0.67182877
-9.75012478
-15.66145583
-12.32162
-8.60364896
-4.59683163
0.90802093
11.18995357
16.6308868
13.68430341
9.61224306
5.45693074
0.45579882
-8.65015263
-14.42176356
-12.52505617
-8.51432865
-4.74582833
0.47770193
10.00900556
15.54903379
13.06217693
9.74405043
6.2543908
0.91149182
-7.3475913
-13.19707095
-11.67143485
-8.29843124
-4.66850197
0.76876939
8.15782927
14.82014131
13.15978386
10.00773359
6.00797894
0.80487598
-6.46227527
-11.53974352
-10.9986541
-7.73765881
-4.05193921
-0.01696062
8.01850262
13.12360165
12.67422571
9.1082626
5.9173878
1.36553985
-5.33658497
-9.82444118
-12.12663868
-4.59360271
-1.09069872
-3.58449927
-3.26149185
-0.62833786
5.15248075
6.05534511
8.88951329
8.00438045
6.0463602
3.37676474
-1.090131
-2.86878373
-8.37197127
-8.39603164
-6.05720498
-3.90267195
-0.51446664
2.34914409
8.77016462
9.35805941
7.40441858
5.28078148
2.68068725
0.15736787
-6.48931203
-8.20672278
-6.57126951
-4.95878913
-1.99461038
0.42965671
6.9160736
9.52241647
7.46889034
5.88002731
3.50185185
0.66993179
-4.58854742
-7.43436533
-6.40450009
-4.94192394
-2.8898974
-0.15126641
5.6525872
8.72250675
7.3171508
5.48980875
3.40519308
0.75386589
-3.73429037
-6.87783315
-6.1818409
-5.00543874
-2.76813717
-0.21920932
4.55223248
8.07472176
7.25465776
5.31300319
3.84724964
1.30758267
-3.46920055
-6.69838586
-5.86787396
-4.36752671
-2.75036111
-0.52070023
3.44372815
7.21738047
6.45913964
4.96648875
3.49150895
1.79264707
-2.0341898
-6.14446317
-5.62915952
-4.39289035
-2.28405222
-0.38021421
3.8534267
7.23771835
6.56545293
5.30767825
3.66907513
1.14889372
-2.55836495
-4.7276518
-4.28221798
-3.71750511
-2.12573275
0.05128278
3.34382754
5.99697374
5.94782201
4.73947524
3.23909456
1.61531405
-1.91375152
-4.16355741
-1.99772508
3.41299325
-7.91842907
-11.62559967
-8.70024997
-4.71092003
0.54701538
4.20359372
17.3714162
14.78934541
10.56512673
6.5314227
3.01115368
-2.64413444
-18.47734813
-16.45714183
-11.4697432
-7.27052426
-3.29104504
3.02144628
18.55943166
18.25128902
12.73954437
8.70115649
4.87383185
-1.58066006
-16.36615424
-17.78151786
-12.73611713
-8.65096059
-4.76556387
1.37157039
15.22262619
19.16796938
13.81075877
9.42336049
5.97809008
-0.09739831
-12.1709081
-17.43498743
-13.02462383
-8.83886186
-5.43921449
0.23424898
13.06321319
17.51868169
13.93591299
9.73641747
6.10897364
0.47860078
-11.22927681
-15.72766471
-12.56953623
-9.29339467
-5.89301269
0.31476469
11.0450854
16.13009834
12.69338309
9.83273387
6.43277369
0.74928463
-9.94522869
-14.66696828
-12.27523856
-8.94950227
-5.29446088
0.62975677
9.38649707
15.32701713
12.32840299
9.90674228
6.08130506
0.72524469
-7.79024618
-13.52734211
-11.95616573
-8.60986429
-5.09787785
-0.06793687
7.90851845
13.29338095
12.33154722
9.61428551
5.90945367
0.44469268
-6.60862575
-12.1199102
-10.5591513
-7.7238551
-4.58038606
-0.02944876
7.00273476
13.1184686
11.44531698
8.86755515
5.10990351
1.36595741
-4.60277333
-10.54969628
-9.58117088
-9.47646767
-24.2622217
-32.21446423
-25.01633145
-15.0261814
2.0066756
25.06794109
51.26816672
43.00878832
30.9717643
20.17436631
2.75499883
-23.05063086
-60.24426286
-51.48149426
-35.60264619
-24.13866282
-7.61228202
17.43480117
59.61731725
55.85699777
39.39960788
26.77187766
11.39511091
-12.62419154
-54.50378618
-56.32289857
-40.80246661
-28.26606027
-12.99954725
9.24653313
49.41436808
58.30872469
42.13662525
29.26078648
14.80402619
-7.01633293
-44.45133135
-56.68893678
-42.52300158
-29.44977584
-14.71316272
5.80975119
41.41732904
54.4907028
42.57830682
29.64436417
15.13159044
-4.19925617
-38.38750137
-52.35118067
-41.48285586
-29.48832578
-15.45340786
4.31497919
34.58228196
51.31405239
41.18345696
28.8152684
14.65169297
-3.64963439
-34.34731193
-48.27474014
-39.72537027
-28.3468081
-14.74025688
3.35584079
31.86224547
47.19936904
39.18371297
28.1754998
15.10426619
-2.71428981
-29.49132281
-44.39129764
-37.5812268
-26.92959056
-14.48696022
3.03770541
28.50081195
43.08365831
38.15350891
27.32444042
15.17742054
-1.98922779
-25.72946352
-39.60258875
-35.24365377
-25.58245347
-13.51751537
2.4453268
24.54865926
38.81153973
36.03724217
26.73764908
14.84741352
-1.28909068
-20.56914836
-35.16751432
-41.48883923
-34.25223509
-5.08032986
22.42595538
28.10692253
31.47042557
31.69284773
19.09913824
-9.55836578
-24.73432876
-25.87446969
-26.78551478
-23.09304727
-11.00531265
19.83488565
30.91979804
28.52536751
27.03930136
22.72350058
12.10980189
-16.7707286
-31.91412013
-29.18327521
-26.13893706
-20.80725079
-9.81988006
18.06975191
33.93326426
31.1761454
28.14603962
22.54016764
12.10631895
-12.99816664
-33.51168061
-30.54489592
-26.86879644
-21.62919136
-11.09004822
13.52164986
34.45718789
32.46358351
28.40393294
22.35888273
12.27004045
-9.39580509
-31.19818548
-30.9319335
-27.41543904
-21.06740767
-10.6302597
10.38798484
31.51093933
31.22213571
27.86559955
22.22018587
12.52758772
-8.01394746
-28.98860539
-29.13276961
-25.85808412
-20.49956538
-10.92739037
8.8036721
28.17767778
30.276663
27.35943651
21.42022379
12.46334856
-6.07894428
-25.01516644
-27.28425021
-25.29073008
-20.60056826
-11.22105933
7.24694459
25.63951292
28.57643665
26.02010452
20.49375587
12.21818211
-4.45098923
-23.14775511
-27.25568089
-25.22326599
-19.515903
-10.80953725
5.7960614
22.79423549
27.12398055
25.27182965
19.84990884
10.85169132
-4.92233246
-20.79062622
-25.43530563
-24.44814432
-19.83104793
-10.53639988
4.6530218
20.30839018
25.04447586
10.2936177
-3.42133717
-1.79596699
0.60597547
0.86085134
-0.87717624
4.54420884
8.61166535
2.5166228
-1.48203683
-3.68299305
-5.62657975
-12.05057875
-17.38658736
-5.96179205
0.62942126
3.22564887
7.0485074
13.50519887
19.81391807
8.68366202
0.67317248
-3.10742115
-7.1090758
-13.96667271
-21.82029732
-10.03485231
-1.92695227
2.21220093
6.95488453
12.99701754
21.57839926
11.42340178
2.4920381
-2.04056262
-6.77798271
-13.42554558
-19.84122343
-11.57081355
-3.35568597
1.5313276
6.23899038
11.78916127
18.58681448
12.33066038
3.82069371
-1.70754427
-5.85989005
-11.37065972
-17.28522456
-11.58645158
-4.21878997
0.87224385
5.81500631
10.84280224
16.31444435
11.25709312
4.38555132
-1.17369813
-5.67855895
-10.37851448
-15.59774267
-11.33657254
-4.5003067
0.41616911
5.36564919
10.07218306
14.51702374
10.7251277
3.7114791
-0.95771616
-5.2572837
-9.38945599
-13.7906101
-9.82311056
-3.84185185
0.73691774
4.91090556
9.69219894
12.85839047
9.79158334
4.00145231
-0.32127407
-4.30982695
-8.93920935
-11.80115603
-9.13025666
-3.11867665
0.66072533
4.42986158
8.68368128
12.38514482
9.49058766
4.39759442
-0.01977537
-4.32155916
-8.31479282
-10.65507637
-8.34902803
-4.04316038
10.37213258
35.14994763
39.53612284
28.62251802
18.31892254
1.08072686
-26.27909534
-57.45189536
-45.25089181
-29.95519398
-18.56717827
-0.75159865
27.33743578
71.18264246
54.70779207
34.74386784
22.05331414
4.76192621
-21.21113399
-66.58978481
-59.2503973
-37.87349104
-23.32923688
-6.16174849
18.19964315
64.1760723
62.00487422
40.11216273
25.670728
8.89826622
-14.45018642
-56.84274877
-62.09966595
-40.46219677
-25.58314069
-9.3892496
13.17689944
53.29018366
63.38604304
42.90976001
26.78107229
11.37991223
-10.43808446
-47.16306302
-58.76672757
-41.98299142
-26.57355342
-9.96227378
11.07231768
45.04958769
58.22865151
41.72506658
27.44578841
12.03656291
-8.32820385
-41.02985775
-55.91304601
-40.20312422
-25.95898991
-10.12382069
9.41340578
41.32547864
55.33854302
41.13147196
26.84815886
11.70566495
-7.76368737
-36.43596295
-50.42597617
-38.8158916
-26.09732199
-11.14329801
8.9427499
36.57458356
50.43439052
38.59103013
25.3009292
11.6279404
-6.87428971
-32.80004173
-46.66565996
-38.07751475
-25.17919623
-10.399994
7.28029028
31.76498068
44.75193764
37.18842902
24.44003732
11.20641123
-6.06112844
-28.44397418
-42.97229859
-36.18636809
-24.13568672
-11.02553428
5.43601766
27.43049651
40.43795463
35.58476105
20.40898763
12.10035775
-6.31344101
-25.13086898
-46.19624059
-43.7380904
-28.99744961
-9.9874412
7.08381159
29.17253977
46.27837388
44.77549425
29.25110779
9.56002152
-8.3492808
-28.82184101
-46.226526
-46.90621602
-31.18282287
-10.13683283
7.75106492
27.55588551
43.00995942
46.36553894
31.56928814
10.7506297
-7.66726736
-26.74568045
-40.57620434
-43.38036141
-30.71225256
-11.71923239
7.73210142
25.71071848
39.29277403
41.60767196
29.56942837
12.11884827
-6.21483584
-23.32977731
-36.29257676
-38.72360818
-28.20077964
-12.27640341
5.74824207
22.45262941
34.80380562
37.2569171
27.78976998
11.79669835
-5.42581494
-20.91722168
-32.83836745
-34.22032897
-25.86609059
-11.76449554
5.13668592
20.84462462
31.54467815
33.87278472
24.6181393
11.03962771
-4.86604401
-19.09413616
-29.3794389
-30.87518862
-23.56433495
-9.91794136
5.47733022
17.61147426
27.93326437
30.04845009
22.20456204
9.7198167
-3.18123924
-16.903018
-25.46113947
-27.21938964
-21.40841074
-9.37937798
3.88001252
15.89964448
24.71383229
25.44652316
20.1319379
9.70057929
-2.94378124
-14.44519263
-21.66902935
-23.25280671
-19.5135869
-8.4754758
3.01765535
14.64067157
21.12444782
23.00028357
18.66463855
9.87162923
-2.03810557
-15.64596223
-25.04213775
-25.57758166
-17.24108685
-8.5270255
3.44218482
15.45002881
26.225843
23.99974207
18.78374625
9.21422269
-3.33214193
-15.43853957
-27.5578481
-28.11723758
-21.12246364
-6.97405286
5.38969411
18.17869449
28.0366889
27.60414339
22.36939486
8.11763012
-3.4401588
-16.42954145
-25.62139102
-27.13442537
-20.58419088
-9.1206079
3.54582993
16.52332248
24.72475789
26.53894198
20.35808297
10.10372127
-2.41422213
-13.96327149
-21.62184995
-23.60082584
-18.45994257
-8.22596988
2.42162072
13.93267094
21.43729653
23.56640495
18.61915068
9.84489952
-0.89793999
-11.85348455
-19.13873171
-21.01641276
-17.23338135
-8.66575818
1.65166496
11.96591491
18.85919785
20.88651064
16.9431962
9.56091491
-0.13610347
-10.55851019
-16.54782934
-18.96886367
-15.68858651
-9.20337202
1.30272422
10.38415791
16.95769924
19.44502842
16.83481146
9.87112885
0.87567904
-8.25232082
-14.14886984
-16.42085246
-13.70592667
-8.06544336
1.02279744
8.69051483
15.02035331
16.69460323
14.20262851
8.30496063
1.40503239
-6.29111592
-12.76384102
-15.28944765
-12.94756193
-7.20506841
0.76965519
8.14896113
13.14775189
15.53241442
13.03682994
7.92768113
0.86896944
-6.08787718
-11.62512169
-12.72445156
-11.68473494
-6.55916613
0.1235444
6.20630193
11.82648056
13.73417435
12.54926865
7.04909773
0.96091801
-4.10251353
-9.8030491
-11.40420768
-9.82776786
-5.95564714
0.08235045
5.7227798
10.18394359
12.34042656
10.55773631
7.79901433
2.0856585
-3.21367394
-8.46744141
-9.89359502
-8.38630974
-5.0288495
-0.29688624
5.16762114
9.0894896
10.65233928
9.59944824
6.60746319
1.25018266
-4.03859637
-6.96494252
-8.14916977
-7.23307
-5.11790609
-0.60565842
4.4986702
7.81735682
10.19316545
9.72219681
5.86612499
1.06655126
-3.27968796
-6.00532816
-7.12255687
-7.23787464
-3.64562827
0.9103932
4.14239513
7.06555843
8.42831893
7.91580395
5.90166458
1.0715978
-2.75032361
-5.13532156
-6.49169903
-5.88800076
-4.77553368
0.13238786
2.96996852
6.73946225
7.62283227
6.56939291
4.54324085
2.06932023
-2.31324699
-4.48193438
-6.16759004
-5.72212362
-3.26402315
-0.56183948
3.59340139
5.1372972
6.57883723
6.53355957
4.36469673
1.31008201
-2.08173965
-4.29288122
-5.38782826
-5.11644688
-3.63080977
0.15366877
2.63070487
5.09621803
6.00916373
5.90416497
4.24937412
0.92650036
-2.464053
-3.89289378
-4.83002606
-4.26803483
-2.5799176
-0.54189068
2.80788767
3.92777253
4.80749533
4.75501511
2.83695592
0.51693748
-1.28170268
-3.13541018
-4.16199209
-3.4529435
-2.06142021
-0.14568762
1.9045474
3.31818569
4.27224933
4.14424911
2.35155691
1.45665079
-0.80855067
-2.19580033
-3.55560259
-2.93239244
-1.87886941
-0.95011165
1.40800308
3.23179137
3.69174001
3.08134364
2.67977615
0.59962952
-0.62160207
-2.94997772
-3.35761376
-3.05056914
-1.93510613
-0.22333197
1.0362343
2.9573597
3.0426465
3.00232883
1.8121481
0.98533973
-0.43289993
-2.98706086
-3.48072519
-3.0203161
-1.85314352
0.37856331
1.43381835
2.47200773
3.05569993
2.91021135
1.60322427
0.99182466
-0.04292326
-1.44171004
-2.73997408
-2.48183472
-1.45591409
-0.5408128
1.88929181
3.14775747
2.67194005
2.83618189
2.893194
0.72731914
-0.60748163
-1.42278567
-2.03166331
-2.41845571
-1.11168004
0.27953014
0.94071385
1.64576024
2.68260041
2.85755723
3.25752316
0.77763926
0.05186873
-1.09708088
-2.09435505
-1.73719556
-0.9809981
0.00859706
0.91698609
1.8253547
3.37142373
2.53535334
2.51928017
1.25302555
-0.40235069
-0.6816048
-2.3037929
-1.16321102
-1.22810682
0.06012079
0.9335622
1.80026264
2.31914499
2.27138411
2.06419554
1.63612511
0.40198976
-1.31654484
-0.86820224
-0.37251919
-0.37524555
0.05398738
0.46180315
2.13244982
2.09291382
2.5962231
1.67486164
0.75727171
0.61684757
-0.01795223
-0.28665917
-0.88678753
-0.18474607
0.53123642
1.60243052
1.83001155
1.36620216
2.24977937
1.71270302
1.17140707
0.05788688
-0.59043941
-0.61923594
-1.39413304
-0.64656431
1.09687613
1.82060591
1.94784495
2.55574245
2.13408404
1.47667046
0.49868231
0.45779184
0.08600089
-0.6577116
-0.80569144
0.69542992
-0.67921524
0.52477836
1.13386504
1.73036287
2.16630132
1.39960168
1.1101649
1.17750623
0.44857306
-0.57414479
0.00820162
0.10208844
0.76092738
-0.03515115
1.38422461
2.11667081
1.62123504
1.16151766
0.66905138
0.70456243
-0.24816599
-0.73906133
-0.41881359
-0.52994719
0.78724553
0.59536227
0.92571745
1.98293245
1.7053741
1.92768511
0.3350831
0.05113572
-0.44186918
-0.94935053
-1.04063073
-1.00615325
0.02779554
1.31668912
0.92030697
0.77891167
1.23975337
1.37673122
0.66570812
-0.2658406
0.37037448
0.19465318
-0.57796032
-0.83898472
-0.13549732
0.08577819
0.42847295
0.31151679
1.52785151
1.35683352
0.62737706
-0.09860895
0.99832813
0.29013916
-0.47045445
-0.70367654
0.31398916
0.48674686
0.6590235
0.13701379
1.1183967
0.55761447
0.28320229
-0.25098117
0.26811826
-0.29755509
-1.27676867
-0.73695205
-0.87398949
0.07406478
1.08945925
0.50701639
0.97548911
0.62619191
1.12007656
-0.32245536
-0.84723789
-0.80054694
-0.56534425
-1.21613817
-0.72043724
0.60821226
1.15933688
-0.03593018
-0.00981616
0.49999013
0.8590314
-0.29707178
-0.54238131
0.00400104
-1.16375002
-0.74891729
-0.93645573
0.05992672
1.81364735
0.37034151
-0.19671413
0.29552793
-0.08048202
-0.22544365
-0.09405286
-0.52721819
0.0105088
-0.42304691
0.98381889
0.15534084
-0.43689999
0.1569402
1.04278948
0.20364234
-0.09222255
-0.06854726
0.34407798
-0.53973138
-0.85893193
0.32520596
0.25270581
0.33961618
-0.36365213
0.98799871
0.21772509
0.02511375
0.13110072
0.14237077
0.13621768
-0.27382257
-0.53666424
-0.66134398
-0.15131806
-0.31543859
0.0535162
0.43227509
0.7226555
0.34199068
0.02266446
-0.54959086
-0.33809588
-1.62440632
-0.08260711
-0.22097034
-0.15712943
0.55678074
0.90550695
0.50722486
1.24332174
0.52573043
0.34039769
-0.49433581
-0.29484912
-0.32874765
0.41494562
-0.35661087
-0.59464451
0.94129427
0.68257473
0.00967525
0.33814159
0.55700666
-0.14961786
-0.1629332
0.22083165
-0.22206799
0.24119048
0.15304706
0.33091862
0.45653503
-0.00869499
-0.18797469
0.87185279
0.27794885
-0.5348232
0.46349267
0.50100417
-0.58258438
-0.38128966
-0.21820059
1.15080869
0.27866603
0.24806326
0.72467204
1.14985656
0.08783311
-0.36559952
-0.25245166
0.36967227
-0.1342384
-0.9394389
0.286761
0.63632143
0.44638973
-0.01680338
0.57401573
0.98328011
0.14431115
0.90165245
0.2137084
0.44991158
-0.33557184
-0.62162595
0.56525327
0.61337995
-0.62269042
0.22611393
0.99085964
0.80453161
-0.50484107
0.3265529
0.08943317
0.25237081
0.69182298
0.38206131
-0.18546084
0.16794228
0.56600172
0.5271921
-0.00547211
0.73363295
1.22074749
0.66258915
-0.79815846
-0.22381279
-0.19624685
-0.15163309
-0.28336826
1.18289606
0.59001267
-0.03994246
0.32257212
0.58200248
1.18168909
0.2917335
-0.55924996
0.3271728
0.25040805
-0.32518549
-0.42767992
-0.46067366
0.11753617
0.10916186
0.1722163
1.14696095
0.34630086
0.01479064
-0.63312128
0.34287225
-0.12036903
-1.27578214
-0.47376366
0.38811639
0.24047247
-0.41014501
-0.03645182
0.89255078
0.75989145
-0.25394064
0.29167422
-0.43451496
-1.19819117
-1.1146208
-0.80716642
-0.41476657
0.28147633
0.64179948
0.4160549
0.87452386
0.3088415
0.28037189
-0.2154842
-0.41849819
-0.91314141
-0.59625679
-0.61491541
-0.12195876
1.06648545
0.82141263
0.05573025
-0.47210349
1.05598946
1.12200988
-0.82117914
-0.18357942
-0.90688114
-0.37234867
-0.02413047
-0.41490232
-0.17781238
-0.43189688
-0.619845
-0.29188473
0.5153266
0.772555
-0.29559445
-0.24945824
0.26908478
-0.26878447
-0.49414549
0.49469477
-0.11147145
-0.17277019
-0.08163467
0.73946448
-0.52487135
0.21312257
0.79157562
0.07240163
0.31076095
0.27371895
-0.23027121
-0.44312987
0.02513862
-0.38308685
0.40806122
0.34675928
0.48416704
0.98485228
0.07880409
0.38296689
-0.85402763
-0.25445505
0.38407166
-0.16222423
-0.88589561
-0.5086827
-0.36075097
-0.2840811
0.27044093
-0.10710388
0.83393002
0.52300462
-0.51728547
-0.36890047
0.43424188
0.08559614
-0.53046487
0.19286517
0.47318838
0.13415776
0.13284928
0.55984592
0.39098528
-0.16858101
0.21318117
0.15214148
-0.79561158
-0.40445451
-0.13391325
0.04524292
-0.27073827
-0.00939456
0.98601701
0.36851756
0.60611254
0.10543338
1.18142378
-0.17157229
-0.80581221
-0.18346656
-0.29852395
0.10743653
0.89663206
0.48940552
-0.35922349
0.0403563
0.20041316
0.61857099
-0.08368571
-1.08860657
0.47771635
0.40388817
-1.03302277
-1.16919332
0.1897341
0.80297685
-0.67722918
-0.11002113
0.21289655
0.54031957
-0.34454638
0.12212512
0.31518424
0.09930256
-0.8818306
-0.56342432
0.80190149
0.14647756
0.21003582
-0.61853085
0.72070766
0.35926293
-0.41286014
-0.2752933
0.59334225
0.03986073
0.31008479
0.6728315
0.22860606
0.24178749
0.14918621
0.73160778
0.12477222
-0.69499636
-0.11314534
-0.40601556
0.33873101
-0.59218714
-0.58919925
0.33081503
-0.6905889
0.35727485
0.78650172
0.6738807
-0.70481733
-0.55714711
0.40308613
0.58084493
-0.76061506
0.58971476
1.07703112
0.05024559
-0.43615073
-0.24049232
0.44303261
-0.68021507
-0.62926323
0.02479158
0.23835854
-0.51734104
-0.37779341
0.96102843
0.9669642
-0.20660834
-0.34947917
-0.06245835
-0.53154189
-0.41448758
0.08506569
-0.2998161
-0.31169712
-0.62007609
1.01961468
-0.27615092
-0.22292837
-0.64626319
-0.50434714
0.07259775
-0.499709
0.02442452
0.20988918
0.07129533
0.05191287
0.13599165
0.0385379
-1.18518426
-0.74223515
-0.33396567
-0.24398266
-0.52101423
0.11960726
0.02507507
0.39958542
-0.36704902
-0.21793417
0.68902052
-0.27006395
-0.22443984
0.03702477
0.14349028
-0.53470169
-0.63931947
-0.83316398
-0.50366276
-1.29571645
-0.62105766
0.5865605
0.3804271
-0.64562293
-0.05389291
0.56044569
0.06103962
-0.44139655
-0.63190823
0.08221777
-0.24961191
-0.68352101
0.87128452
-0.24572664
-0.40057247
-0.16560856
-0.16681462
0.88008184
-0.23134475
-0.28528795
0.2938218
0.15589755
-0.11456684
-0.01522886
-0.3310633
-0.05746339
0.02963103
-0.16508835
0.06008938
-0.29802681
-0.43362753
0.36212437
-0.04620154
0.26622095
-1.01982896
-0.59377078
0.11845629
-0.8992591
0.27012496
0.57207329
-0.50824384
0.49271774
-0.11538224
-0.03566271
-0.79878639
-1.06957958
0.79356869
-0.15696501
-0.11481048
-0.59179209
-0.71155779
0.12159561
-0.16268775
0.13210356
0.31909145
0.42331532
0.10247494
-0.2664347
-0.2473066
-1.1165438
-1.35242679
0.35362882
0.03510455
-0.36466565
-0.57387177
-0.1378703
0.68112585
-0.04178796
-0.18194485
-0.1527884
-0.40153656
-0.6744846
-0.67898161
-0.04294829
-0.65582189
-0.48133007
0.56775485
0.00891572
0.42892148
-0.17870298
-0.31775079
0.46009087
-0.58243071
-1.15459744
-0.66199956
-1.25736408
-0.52066363
-0.61954789
0.28002096
-0.33137453
0.05390219
0.08649753
-0.03492909
-0.08758614
-1.08460432
0.36726125
-0.08576293
-0.29477032
-1.04609734
0.47173937
-0.0205299
-0.08582893
0.25977254
0.5555561
-0.26855625
-0.49730117
0.19114962
-0.19881582
0.62210058
-0.42068659
-0.03706984
0.16829956
-0.27035118
0.52376387
0.23434602
0.80836776
-0.99597023
0.44584608
-0.14693839
-0.96858107
0.32456565
-0.32575161
0.07829457
-0.63874445
-0.02143568
0.49621863
0.27756517
-0.29083882
0.19939696
0.1669749
0.17450923
-0.11274573
0.20199853
0.36654801
-0.80631848
0.49511751
0.0808204
0.23899858
-0.44557966
-1.14151859
0.03576809
-0.21109034
-0.13405129
-0.32323286
0.33298759
-0.27182433
0.30049272
0.46212628
0.41613223
-0.62525313
-1.73854141
-0.20531637
0.62629963
-0.30758899
-1.54225011
-0.3762834
0.71026398
0.49286403
0.27543682
0.66536253
-0.11250861
-0.39457783
-1.33014202
0.13270465
-0.26639909
-1.37561338
-0.40619749
0.13863655
-0.59328204
-0.87209209
0.12610212
0.06592083
-0.27362988
0.27569618
0.18849631
0.45207701
-0.58272858
-0.1289542
-0.87067078
-0.25197979
-1.24875405
-0.84739145
0.34395942
-0.96400019
-0.65436322
-0.26418299
-0.23703893
-0.2521715
-1.06978912
0.13927347
-0.3583399
-0.50787033
-0.35308328
-0.14205907
0.09341994
-0.57834277
0.07615406
-0.0006852
-0.0443109
-0.13267004
-0.03990698
0.25672734
-0.57840095
-0.33596229
0.06085857
0.3380518
0.29666583
-0.43033681
-0.24212401
0.02278786
-0.69105986
0.23462524
-0.22130352
0.01414693
-0.5919424
0.04662436
0.47075193
-0.45075626
-0.23358288
0.55981205
0.37246048
0.27370856
0.66005854
0.0666792
-0.23502287
-0.83566063
-0.86886879
-0.2056778
-0.15940865
-1.09333351
0.2031349
0.53644609
-0.09710884
-0.75337472
-0.48862637
0.24900389
-0.97804107
-0.73105072
-0.08811106
0.0420775
0.12643688
0.42770944
0.41586617
0.22285314
-0.34517097
0.24805849
-0.27245486
-0.4775802
0.26275135
-0.29231654
0.05166815
0.46262577
-0.5519128
0.37344359
-0.33640642
-0.40080138
-0.48332076
-0.16457311
0.13956626
0.0590134
0.33217036
-0.17340008
-0.08160612
-0.30102934
0.38871897
0.26157995
0.03428436
0.28169397
0.08924698
0.43644249
-0.10654381
-0.09460217
0.23628352
-0.14356121
-0.38180122
0.36129625
0.0393641
-1.06698901
-0.45006658
0.16059231
0.61697574
0.60708518
-0.42150505
0.18854009
-0.30833972
0.15541413
-0.72649802
0.04118475
0.04470394
0.01006918
0.03218397
0.50285299
0.02547861
-0.10557166
0.24899776
-0.11425376
0.32646494
0.0162914
-0.70849565
-0.21258521
-0.69021699
-0.1016651
1.11072911
0.40456849
-0.06308804
-0.46809785
0.81809231
-0.32673369
-0.81676656
-0.54588162
-0.46061814
0.19697613
-0.05389514
0.2855047
0.37219031
0.36167996
-0.1969654
-0.08168244
0.17365691
-0.14428342
-0.54676982
-0.66710658
-0.07359878
-0.1258243
0.57214394
0.08716003
0.11211853
-0.43785383
0.24802457
0.08567225
0.26247634
0.41008034
-0.6126425
-0.60255419
-0.44232585
-0.29528901
-0.0648781
-1.04563029
-0.59517803
0.01483601
0.24898313
-0.74292256
-0.39716014
0.48808738
-0.11909421
-0.42966801
-0.42006068
0.24636901
0.28621042
-0.16403658
0.23006706
0.10415547
0.5750865
-0.08657346
-0.33781836
-0.13479526
-0.08773347
-0.52773076
-1.1277117
-0.02708682
0.0488839
-0.87293547
0.57823953
-0.42252481
0.12591369
0.17766651
-0.0508468
-0.47708328
-0.94178622
-0.78036262
-0.18284063
-0.66751474
0.44295242
-0.05658617
-0.06526014
0.11387871
0.32174151
0.65308097
-0.38184723
-0.09705765
-0.73639109
-1.07700232
-1.00418992
-0.22286565
0.44611329
-0.24647773
-0.78527521
-0.45551145
0.22077998
1.01407314
0.30073565
0.05089496
-0.01205196
0.12993914
-1.35415852
-0.60445131
-0.50387646
-0.58062337
-0.86978713
-0.63038348
-0.34158939
-0.33582653
-0.69856942
-0.23447304
-0.03132248
0.06413369
-1.55509251
-1.07728291
-0.40895646
-0.10423671
-0.30389675
-0.04958656
0.37829135
-0.37347537
-0.36061574
-0.23667643
-0.11122705
-0.16470016
-0.56540806
-0.0303869
-0.76215507
-0.27524897
1.10671919
-0.83241179
0.52748563
0.46870513
0.18915423
-0.46220436
-1.07144264
-1.14498619
-1.37718624
-0.84422619
-0.91237798
-0.6746222
-0.15736555
-1.10830174
0.480966
0.59628117
0.31785977
-0.4405526
-0.27317207
-0.44725437
-0.42833676
-0.13004214
-0.47897225
-1.07406369
-1.1604789
-0.0830714
-0.13185948
0.43281274
0.10622406
-0.80819833
0.00056991
-0.4721096
-1.07075931
-1.27144444
-0.34433993
-0.23692116
-1.01741731
0.03735329
0.38589607
0.40694374
-0.87111951
0.04148837
-0.04949839
0.39900187
-0.76765808
-0.29432707
0.20572343
-0.33617592
-0.777741
0.76707503
0.33340468
-0.44046094
-0.5346801
0.14494721
-0.51199004
-0.09273764
-0.79145379
-0.70167991
-0.58077383
0.04343475
0.05536618
-0.54360013
0.7973251
-0.12528203
-0.38750201
0.19788244
0.17296512
-0.43621232
0.19595054
0.73666046
-0.18955816
-0.50352718
-0.84036769
-0.11919254
0.08349347
0.27195613
-0.73683836
-0.45653151
-0.21499019
0.21169976
-0.7148221
0.14308809
-0.7066837
-0.09508683
0.20674422
0.19188421
-0.92967969
-0.15816141
0.08320617
-1.09803412
-0.38072631
-0.17302281
0.01332739
0.31901178
0.55939584
0.41943641
0.21917101
-0.3071842
0.76109772
-0.47687078
-0.19662308
-0.86121759
0.42644206
0.33096509
-0.60708071
-0.57406003
0.07673989
-1.21008241
-0.03347792
-0.37554648
0.3242304
0.29691587
-0.35972519
0.57165078
0.2947971
0.19525754
-0.11303103
-0.82971064
0.30339564
-0.02785404
0.37728624
0.15778736
0.24429342
-0.01663516
0.14161026
0.28062918
0.10777525
-0.8443478
-1.06659199
-0.41113267
-0.16721866
-0.2252407
0.36743429
-0.20802815
0.56945203
0.25859849
0.12475766
-1.15986748
-1.25925932
-0.46779305
-0.95819155
-0.64144918
0.096161
0.44682876
-0.12394925
0.00342095
0.5730787
-0.46612089
-0.76126651
-0.75066138
-0.33260622
-1.04395513
-0.67297083
-0.68169116
0.6578883
0.51486282
0.38069889
-0.35483314
0.06402103
-0.13546803
-1.37311575
-1.06644043
0.36585908
-0.30383719
-0.76005957
-0.47830871
-0.17428586
-0.3458175
-0.70235993
0.19123603
0.25961157
0.20135621
-0.35882404
-0.78387781
0.29348769
-0.3423924
-1.02554867
-0.38259408
0.08618548
-0.36071745
-0.49504009
-0.63806536
-0.09627935
-0.48618896
0.77841163
0.02072485
-1.2240184
-0.92198183
-0.49130527
-0.94014029
-0.18359469
-0.63677005
0.25380248
0.40025955
0.18478731
0.3948869
0.07659404
-1.20400507
-1.19793393
-0.6424046
0.10999883
-0.12213065
-1.05912627
-0.35024823
-0.87090069
-0.03404505
-0.31040316
-0.28125467
-0.23487365
-0.73800256
-0.71304522
-0.90888652
-0.59440242
-0.56323815
-1.20490632
0.00454267
-0.20276918
-0.09103949
0.14233567
-0.74258999
0.16209589
0.10558636
-1.08310877
-0.82278797
-0.44618971
-0.57385165
-0.27810248
-0.91399446
-0.63684482
0.05623608
0.05605868
-0.73000392
-0.1271849
-0.94744442
-0.24153056
-0.53071899
-0.44724345
0.11598477
-0.14648132
-1.14497769
-1.17629558
-0.27994712
-0.14587109
-0.46655189
-0.41500845
-0.605129
-0.11818394
0.02419592
-0.91628125
-0.75987475
-0.91456625
-0.8936804
-1.00499219
-0.99236123
-0.3119664
0.08328626
-0.48918568
-0.67100043
-0.03620943
-0.05063709
-0.30249167
-0.44731972
0.20105194
-0.57612555
-1.04582966
-0.08114089
-0.76543447
-0.80878416
-0.73980062
-0.94374867
-0.40996537
0.19020917
-0.74559092
-0.94919767
-1.1706917
-0.39232493
-0.9466866
-0.9802633
-0.41077917
-1.5384601
-0.11301046
-0.49912197
0.09841466
-0.4256841
-0.17370948
-0.45180577
-0.71844112
-0.57972818
-0.08117715
-0.22921601
0.46163596
-0.63497925
-1.75732114
-1.53718819
-0.97223525
-0.54037673
-0.48743562
-0.23041853
-0.27537976
-0.74400358
-0.78502133
-0.68366876
-0.44587753
-0.78470596
-1.04401174
-0.64983248
-0.24602685
-0.84685717
-0.64172708
-0.69104655
-0.95565552
-1.37146222
-0.50982042
-0.91841539
-0.6565319
-0.95363332
-1.19704908
-0.86434112
-0.73416956
-0.74981335
-0.0333383
-0.58435782
-0.51064244
-0.91974491
-1.15460632
-1.25832482
-0.94734675
-0.38051128
-0.69605045
-0.02829893
-0.73669565
-0.97099579
-0.72868886
-0.53294132
-0.62906959
-0.9724816
-0.65689504
-0.96873777
-0.21782454
-1.34231897
-0.28313665
-0.88223673
-1.01093435
-0.70132632
-1.12062815
-0.48046654
-0.6175805
-0.60703035
-0.9449892
-0.23882587
0.05450207
-0.74304967
-1.2807093
-0.63406631
-0.15231362
-0.25879442
-0.23373123
-1.73526443
-0.16750043
-0.99865294
-1.43932202
-0.88167417
0.10432821
-0.59638261
-1.27326059
-1.01267638
-0.15394527
-0.68548066
-0.44768163
-0.67020812
-0.52616326
-0.25979865
-1.01595748
-0.82624696
-0.68357934
-0.5250005
-1.26769332
-0.71777817
-0.0837778
0.21955794
0.20941232
-1.58985154
-1.47228824
-1.358078
-0.84628301
-1.68306812
-0.71953904
-0.35132559
-0.81438455
-0.9727598
0.18246894
0.0106989
-0.90473154
-1.20863638
-1.09963087
-0.6390522
-0.56467197
-1.29245122
-1.15911454
-1.18735675
-1.39505521
-0.95477878
-0.41979671
-0.39191039
-0.20361663
-0.97887375
-0.14965105
-0.96377626
-1.12399832
-1.20107381
-1.14406741
-0.58356647
-0.96251235
-1.24743044
-0.68066551
-0.49311728
-0.23396467
-0.78683741
-0.74924939
-0.13190775
-0.09336465
-1.22451362
-0.55024573
-0.85796128
-0.26209026
-0.6142222
-0.15161523
-0.37970016
-0.73819118
-0.31504042
-0.27844333
-0.71855825
-2.0323503
-0.87848871
0.27267153
-0.29413709
-0.63258749
-0.91857058
-0.51586695
-0.74505782
-0.80222314
-0.45152904
-0.24941855
-0.24484658
-1.05414834
-1.04194532
-0.10716323
-0.77666909
-0.28425702
-1.0618409
-0.94003645
-0.08778376
0.05184565
-0.44966723
-0.28333287
-0.70799015
-0.37545254
-0.95845522
-0.50924975
0.0011386
-0.26669253
-1.79674944
-1.0645691
-0.73628435
-0.58861154
-0.17069922
-0.53111667
-1.15776501
-0.74671734
-0.50466187
-1.73723027
-1.28162591
-0.06066091
0.20912739
-0.17202067
0.16998294
0.00467211
-0.90366404
-0.93897359
-1.52159002
-0.6071503
-1.16780186
-0.81628292
-0.79762067
-0.12905252
0.27257172
-0.65875503
-0.70435532
-0.11233916
-0.44393285
-1.54239054
-1.23016651
-0.83076598
-0.20875387
-0.77689511
-0.01217653
-0.77668582
0.10471075
-0.76548518
-0.79279928
-1.12814693
-1.39233901
-0.50567699
-1.08241427
-0.42326468
-0.49649192
-0.53747
-0.30648802
-0.14353341
-0.33524488
-0.9131318
-1.10629732
-0.29750688
-1.09652184
-0.75868433
-0.82829764
-0.71529711
-0.71971903
-1.28986927
-0.14503505
-0.00262063
-1.20538283
-1.21900858
-1.34506208
-0.41698769
-0.45460498
-0.77327227
-0.82385418
-0.36140891
-1.67589302
-0.48818586
-0.57790856
-1.21965258
-0.8503316
-1.06247225
-0.19830681
-1.02693729
-0.28107619
-0.79591619
-1.03273572
-1.02633234
-0.27219184
-0.37988711
-0.25218583
-0.85834722
-0.31066992
-1.15441316
-0.59831207
-1.16581643
-1.00749156
-0.59401768
-0.83016569
-0.48597701
-0.77475083
-0.12439233
-0.14088378
-0.56666893
-0.22089673
-0.73694742
-1.02455617
-0.59402281
-1.59888537
-0.79660199
-0.89372098
-0.75622552
0.24746123
-0.3051747
0.43926671
-0.00193319
0.09486433
-0.72297829
-1.48984407
-1.13039357
-0.7926729
-0.81811265
-0.37291877
-0.1330278
-0.71678247
0.08752795
-0.07897602
-0.52079601
-0.94511838
-1.06531218
-1.67220616
-0.91573274
-0.99187416
-1.03839442
-0.86585864
-1.35020662
-0.96998548
-0.73775532
