0.
0.
0.
0.52797071
-0.06949421
0.96329549
1.14679948
1.22242402
0.29556183
0.76471615
0.94496102
1.0120651
0.751287
0.3110478
0.7155343
0.42361317
0.62010815
1.0790327
0.6886977
0.86368455
1.44343488
1.24034364
0.69426406
-0.12463703
0.64513982
0.36672909
-0.00828294
0.13165516
0.17855245
0.94113963
0.96686362
1.33329406
1.45924482
1.1211304
1.04188544
0.23403355
0.89243768
-0.01238545
0.99890664
0.73327321
0.83966927
-0.3209153
0.32129104
1.38212619
1.08708712
0.32532714
0.9850092
1.22807086
1.43531708
1.40304499
0.39814171
1.25404422
0.15587471
-0.70035667
1.05984436
1.65534242
1.64999323
0.4564056
0.73097694
0.81403281
-0.41810413
0.544546
0.94193445
0.67540232
0.87005373
1.16940531
1.09908067
0.59954276
0.47708843
0.3722758
0.81850011
0.72296543
0.0566884
0.68211039
0.53517739
0.01282515
1.00960966
0.62616752
1.48372236
1.49529381
0.70533723
1.31704268
0.93478646
0.07553598
0.66779329
1.40253128
0.42506893
0.6751159
0.7056145
1.56625528
-0.00718694
0.77903376
0.91912614
1.68668441
0.51712002
-0.09337471
1.21414816
-0.225418
-0.63206016
0.27923348
0.31715659
0.96745657
0.67416429
0.65015392
0.70330018
0.54343014
0.14826776
0.30554958
0.61256411
0.3270982
0.55899934
0.41254273
0.708741
0.43311044
0.82374445
0.9950515
0.85171249
0.20165264
0.8084473
0.94573766
0.61233253
0.63027175
1.27615564
1.98729276
0.57692594
0.93045975
1.55152097
1.34552627
0.5641817
1.10950326
1.44224821
0.56822153
0.46562129
0.10230814
1.12357124
0.36248307
0.93383794
1.02652223
0.9398664
-0.21004884
1.17294986
1.79853083
1.44581937
0.28669223
1.099251
0.69273955
-0.29328817
-0.00785418
0.59712787
0.93118552
0.75679515
1.12325272
1.28843657
1.03590059
1.04748747
0.70433472
0.97649011
0.3084468
0.47722353
1.4065366
0.73604846
0.8850267
0.16620486
0.83514306
1.71514014
0.70368207
0.3205188
0.42693989
1.01140171
0.45425848
0.54581451
1.10956978
0.71060633
0.91556764
0.89001632
0.76863933
0.52853876
0.00852351
0.35809059
0.56543563
1.09900592
0.66779701
0.83905778
0.9635113
0.68978527
0.97889188
0.77934981
0.56340586
1.03350462
0.42110983
0.54921777
0.93599469
0.63106539
0.55937063
0.3885123
0.2020765
1.02727325
2.06361252
0.85754676
0.1214011
0.6522059
1.76587537
0.7232918
-1.04273494
0.77397589
0.94733808
0.59123821
-0.13679616
0.5619683
1.69894416
1.16940562
0.90357958
1.0868844
0.67357743
1.11434264
1.03615011
0.71374111
0.88582375
0.14359543
0.32329815
1.34932682
1.08463499
0.68191531
0.37693351
0.5229624
0.30916824
0.53246772
0.10178084
0.01029242
0.73118013
0.79253286
0.6444285
0.61896707
0.32329169
0.39722108
0.57323744
0.70844465
0.56759497
1.23231056
1.73922035
0.14493499
0.80693106
1.04156113
0.66215247
0.84606
0.26966675
0.1238623
0.31333621
-0.48347877
0.56600217
0.9660986
0.35096628
-0.00113901
1.55695401
1.45346367
0.8671102
0.52368275
0.03552263
0.18622017
0.42677674
0.98116372
1.21168503
0.46539324
0.37142622
0.28373645
1.15944392
0.23481189
0.71127031
0.96013072
1.09385937
-0.2699672
0.0688983
1.09758027
0.78344507
0.47179599
0.87086177
0.67549202
1.28222494
0.43071487
0.83767717
0.86428715
0.96215221
0.49778495
0.94750874
1.66591368
1.52763174
0.33765957
-0.15034734
0.22270878
0.82222781
0.1915655
0.43562761
0.12557044
0.80487097
0.67526756
1.52607492
1.19132419
0.95965571
0.89873393
0.62670585
0.49082932
0.15157885
1.02736257
0.77257117
-0.14869945
0.37261251
1.58867672
1.3746075
0.1227834
0.36931502
1.42750344
0.53465176
-0.0282013
0.02543181
1.24208134
0.48019029
0.16059932
0.87444639
1.27909274
0.05806603
0.3342281
1.0803472
0.13743732
0.34934043
0.73414769
0.92403669
0.88492077
0.59232095
0.99349562
0.80343604
0.78025137
0.69139625
0.73862779
0.18831618
0.20006931
0.89092123
0.96107698
1.10039471
0.82371262
0.92457947
1.34489262
0.63300356
0.13130952
0.61436946
1.28321221
0.84228691
0.59022394
0.62951165
1.24783095
1.20011621
0.10145319
1.71530086
0.89518549
0.03604058
0.81117425
0.65037043
1.59306498
0.53937593
1.03560666
1.37354317
0.80521187
1.09643544
0.41552582
1.91159781
1.03617207
0.18301663
0.47330112
1.23821408
0.3998283
0.221172
1.16073256
0.75599211
1.21299046
1.02996598
0.82182425
1.2521467
0.78643075
1.22761803
0.78082285
0.31825034
-0.52533171
-0.20496656
0.81345094
1.34474726
1.37811379
1.43090475
1.97531372
0.56951222
0.7867498
0.68552371
0.39595366
-0.2882365
0.47536295
1.02981471
0.95197389
0.84142691
1.83481964
1.17994552
1.71628883
1.25508576
0.68668407
1.33675109
-0.07514103
0.04134545
0.29257879
0.50185908
0.84996524
1.11767871
1.55216431
1.09024324
1.13402443
1.30309523
0.83757824
-0.19924565
0.09337108
0.858126
0.59590261
0.46516985
1.14977364
1.78854021
1.32984061
0.69122427
0.92312023
1.35705806
1.21830185
0.80668028
0.50789878
1.47337703
0.49447996
0.45022941
0.93442337
1.54324772
0.94326994
0.15007648
1.36182779
1.72426617
1.90654482
1.31155563
0.54353843
0.78818358
0.04900318
0.7799558
0.65842341
0.21664829
0.32422588
1.75369531
1.58167396
1.36889215
0.5460858
0.99081538
0.33960466
1.01229075
0.04492725
1.09150578
0.81803415
0.65264803
1.62322231
1.29872553
1.47455651
1.63491677
0.69041959
0.84315322
-0.6227226
-0.50090684
0.6808049
1.07384946
1.07481856
1.59711812
1.78340748
1.38618422
0.81701213
0.51909122
0.75969455
0.73597323
0.81975122
0.61603931
0.37774434
1.34822524
0.96501119
0.35687049
0.94251931
0.53405565
0.56069979
1.26133054
1.31563294
0.93544251
1.03932916
1.04651188
0.80272709
0.36880566
0.87130782
0.05430374
1.00935595
1.09676087
1.35981955
0.5367886
1.30599435
1.2549186
0.58819453
0.41434338
0.45949934
0.52994275
1.1841003
-0.08730865
0.73971526
1.30525582
1.22195395
0.231873
0.16509868
0.20789023
0.37216998
0.47954507
0.4547324
0.88693544
1.50682155
0.69690822
0.4890857
1.77463403
1.12403344
0.16303517
0.76850603
0.57781319
1.0552746
0.33097577
0.60787383
1.11778799
0.28279719
1.09777402
0.39295523
0.67451912
1.1405935
0.88188043
1.46896976
0.53739907
0.41935744
0.6573686
-0.29361721
0.73968912
0.3349381
0.98401016
0.94029869
0.70181238
1.03423705
1.16507612
1.04828655
0.8246843
1.34510213
0.48781703
0.44166648
0.81045626
0.35658515
1.26965336
-0.26509847
0.36149426
0.96675236
0.74149164
0.01185517
0.32253317
0.49100159
1.32688445
0.37187351
-0.44334928
0.68331961
0.54320244
0.31612212
0.40644041
0.50684564
0.88251897
0.36541228
0.63849209
1.00930997
0.467948
0.7501572
1.09140664
1.15997888
0.81084627
-0.13187951
0.83047419
0.81048827
0.11601554
0.18654315
1.22738603
0.89796058
0.19994391
0.31077477
0.29417329
0.68568344
-0.26548078
0.06404798
0.91886388
0.14939838
0.74785157
1.46217174
1.01998369
1.19386108
0.7823238
1.63969629
-0.0084232
-0.25858269
0.69864244
0.76450854
0.27479429
0.64651674
1.47003206
0.47980532
-0.34215104
-0.34649482
0.23988726
-0.22806723
-0.27789236
0.09621767
1.69709616
1.64170464
0.2976153
0.67510137
1.31661642
0.74790745
0.15888603
0.45675653
1.13603191
-0.07479411
-0.36593514
0.36725157
0.1132465
0.96541527
0.929413
1.69387933
0.79200032
0.54552209
0.04431741
0.24703289
0.88395656
0.55235688
0.58549212
0.71933191
0.69364892
0.8353288
0.89124244
0.29226039
0.7879805
0.99302936
1.2795165
-0.13417499
-0.01819375
1.14604829
0.17486092
0.30268744
0.39868957
0.56423341
0.60555645
0.75889357
0.12002975
0.53632623
0.32058962
-0.05003261
-0.48177813
1.4362945
0.08948848
0.20477872
0.44549666
0.10588201
-0.26181193
0.08027147
1.04432976
1.76705696
0.8210835
0.55844344
-0.04005934
0.7087481
0.04394931
-0.03303127
0.94312613
0.65782914
0.72330255
-0.05336742
0.48735657
0.89192036
-0.04953693
0.54935292
-0.02674867
-0.75384708
0.01179567
0.78033956
1.75992356
0.53554293
0.78688713
0.43690185
0.1136959
0.32272725
0.937487
0.16325513
-0.35712266
-0.69686996
0.32856334
0.94829077
-0.02351597
0.09813242
0.81364319
0.25978742
0.40024596
0.52584698
1.06318885
0.25036187
0.31640735
0.34373084
0.61881941
0.57653756
-0.57023097
0.37125328
0.69952243
0.44789806
0.0672827
0.90398015
-0.14970924
0.0588804
0.33681281
0.21649537
0.02483418
0.04437808
0.71798223
0.29524276
0.8352291
-0.22733762
0.18591639
0.25857329
-0.3199458
0.09671514
0.25930087
0.09573317
0.16411748
0.78217803
0.36153545
0.63247912
0.51726581
0.85559162
0.22422591
0.96455494
0.22507185
0.60444111
0.69299621
-0.10729769
-0.50028592
0.59764935
0.6306101
-0.09302491
0.1917875
0.89259142
0.22985551
0.13268817
0.68320216
0.41435937
0.59729096
0.05575654
0.71144113
1.07167072
0.6053897
0.43084342
0.71505568
0.80383894
0.33856594
0.23617102
1.54144992
0.70332314
0.62609154
0.46889548
1.03258962
0.76609456
-0.18524117
0.59985861
1.58881904
0.89178395
0.00432864
1.14944648
-0.06368914
0.5817701
0.71981183
0.10299563
0.39786652
0.60462514
0.84434299
0.72454363
0.50260192
0.47166776
0.46970747
0.70895274
0.48500642
0.36991348
0.1977424
0.61011193
0.59640131
0.61700631
0.88116812
0.53045936
0.90332348
0.77721711
0.91704327
1.56896232
0.07244528
0.82449708
0.80881537
0.59285131
0.19723782
-0.1989049
0.40217517
0.21333291
0.47465847
0.43906509
0.97524475
0.47122553
0.6649672
-0.05552619
-0.21839003
0.98099473
0.16098088
-0.0988372
-0.00489912
0.40005979
0.62950049
0.40613081
0.58916645
0.69952415
0.56118562
0.57484965
0.68045657
0.23091281
1.33342447
0.69897721
0.51710203
0.25178558
1.15187288
0.59180087
0.25994723
0.2872745
0.68561947
0.66206223
-0.02729495
0.52477891
0.51646166
0.01364752
1.12830742
0.82749133
0.4908379
0.43605987
1.11703061
1.63361364
0.93551454
0.00843893
1.19892081
0.77648778
-0.14194385
0.3822537
0.14162031
1.2263826
0.66753026
1.38347743
1.01721782
0.5370785
0.40358848
-0.29177803
0.42254539
0.13785924
0.11281109
0.80958025
0.95045089
0.68194372
1.11096109
1.55697323
1.07025313
0.28711282
0.37870316
0.71650268
0.35956435
0.25840589
0.23203867
0.56943949
0.88507302
0.54411104
0.86488363
0.98575983
1.5957853
0.78499822
0.50843497
0.75117672
0.6622058
-0.06557394
0.58094041
0.79233447
0.17865866
0.26039764
1.21719204
1.70903065
0.83030253
1.07271918
0.96199668
1.03302772
0.52244729
0.28338538
0.46770936
0.50093165
0.65609268
0.99962874
2.14382349
1.21996004
0.60310347
0.90709099
0.46320465
-0.10756666
0.30754176
-0.03903651
0.40725193
0.40657146
1.01795114
0.74292582
0.4219063
1.09040482
0.31473101
0.56116942
0.05299441
-0.10645945
0.14295889
0.28849669
0.41487831
0.55747967
1.33513816
0.96491216
1.27584162
1.58752226
0.55491812
0.4276534
0.75024317
0.60336776
0.0149423
-0.01301997
0.17319833
0.28246217
0.0138104
0.06689237
0.91962652
0.90182529
0.9128561
0.09413959
1.15609033
0.31009727
-0.05824312
0.44950811
0.53482416
-0.15849769
-0.30023222
0.50907132
0.46785669
0.83282885
1.05411961
0.67453667
0.73514862
0.67769856
-0.40333053
0.48438385
-0.25855325
-0.31705447
0.01692518
0.55941788
0.52923816
1.0456271
0.49338126
-0.20068285
0.24034131
0.84395389
0.60876621
0.02174044
0.50122977
1.35270272
0.93104772
1.00391063
0.16984233
0.59530042
1.33186474
1.21654278
0.54095484
0.06623275
0.39337816
0.08858789
-0.04799178
1.42896334
1.0113081
1.16007958
0.64206659
0.51129015
0.02156394
-0.65839305
-0.11076009
0.38972967
0.47358918
0.32884741
-0.37458324
0.94566288
0.46062195
0.57527362
0.51058108
-0.03010604
-0.01946428
1.17568975
0.57339885
-0.11093166
-0.04811541
0.9231848
0.63226437
1.3892686
0.03182349
0.23758813
0.93974217
0.1986912
0.55842787
0.10507792
1.02721808
-0.16925822
0.17628404
0.41840403
0.52999188
0.18599566
0.5695156
0.94732932
1.18140879
0.20141776
0.4636793
0.47073673
0.56319244
-0.42607665
-0.55214943
0.45157915
0.88289245
0.38210744
1.06751898
1.25206661
1.01238961
0.21948608
0.62492152
0.26845871
-0.49101017
0.0612133
0.48625337
0.80329238
0.62853126
-0.14153125
1.02154628
0.53748146
1.04585584
0.76709522
0.58675971
0.08164454
0.67756163
-0.08232958
0.1726262
0.08353399
0.71067313
-0.31364485
0.39319064
0.62825753
0.60752337
0.33692428
0.33635765
1.20171679
0.24634853
0.06720494
-0.17885534
-0.03329386
0.70835481
0.1177827
0.60732271
0.57952836
0.94167972
0.20471828
0.10199288
1.45070844
1.00383364
0.03755975
-0.48945094
0.99069048
-0.26254846
0.36648323
0.4863668
0.75882964
1.00845118
-0.01831316
1.18239769
0.41852726
0.73330719
0.11355686
-0.54322911
0.55520201
0.60249899
-0.39379872
0.30810689
1.03722594
0.45725547
0.30726839
0.7287383
0.73023974
0.45980824
0.35113711
-0.3370699
-0.14900068
0.66522078
0.62308145
0.07182911
-0.48217404
0.27919664
0.57683559
-0.10822487
0.29453361
0.93284282
0.8724088
0.95373948
-0.38907925
0.43153512
0.90512773
0.58098635
0.98563116
0.57727404
1.15986261
0.2895532
0.26634745
0.58497311
0.61980827
0.45948508
-0.35112389
-0.01390581
1.11309974
0.44206674
-0.20674081
0.61713855
0.49836109
-0.47684687
0.09179715
0.65277106
0.23874856
0.8131096
0.14584677
-0.00296628
0.46999241
0.02656947
0.31922126
0.16945623
0.16674637
0.40701645
0.31492818
0.28266213
0.34623889
0.8152007
0.16938404
-0.34614934
0.87683682
0.58252512
0.49949126
0.53816579
0.45689844
0.7792347
1.20479383
0.35355904
0.53538126
-0.16445222
0.52439476
0.41334452
-0.8561558
0.60681498
0.99522674
1.05037683
0.30014054
0.58938751
0.42484311
0.54828134
0.09212308
0.25193754
-0.09790205
-0.08428608
0.34389732
0.66673128
0.46077087
0.26643276
0.1319039
0.79187781
0.10207051
0.45012519
0.48031196
-0.22637013
0.16827943
0.92661576
1.17939405
0.28471432
0.68488268
0.99500685
-0.28783625
-0.32807791
-0.86061241
0.78383484
0.38008614
0.05987108
-0.43320548
-0.0291301
0.23763595
0.42209896
-0.02637957
0.5060932
0.29776685
0.35117259
0.75400031
0.37285034
0.29697212
0.41129866
-0.05919002
0.89156136
-0.30646467
0.64660572
1.0054715
0.15189675
0.65899007
1.25667168
1.51846789
0.69467592
0.54643146
0.39156463
0.13778029
0.27339408
0.18053387
0.59413224
0.51551325
0.28428634
0.23761587
-0.08996939
-0.51866385
0.52523151
0.53594608
-0.10718619
0.46872995
-0.69385811
0.79186951
-0.68289207
0.66161103
0.84514296
0.31855557
0.04816927
1.17612335
-0.02099105
0.06042657
0.11725493
0.69479873
-0.04543612
-0.20819495
0.0086528
0.01402839
0.28264432
-0.43367505
-0.08774924
0.19352216
1.27294717
0.9540594
0.20705346
0.68588947
-0.23559798
-0.61063129
0.14346463
0.56481378
0.80979249
0.27572504
0.38145068
0.59382867
-0.21708965
-0.81178567
0.66470346
-0.05650086
0.07635934
0.11018496
0.31196213
0.33413265
1.17589426
0.41961037
0.7530122
-0.60175781
-0.01982127
-0.35021079
0.2592153
-0.0260771
0.9083354
0.49178798
0.37377409
0.136251
-0.01861136
0.3880644
-0.13034497
0.48271331
0.41686686
-0.25850208
-0.39905704
0.36425762
0.5706239
0.2551145
-0.19738012
0.44988777
0.41958822
0.93007471
0.52315698
-0.12511369
0.10906374
0.25793326
0.18269617
0.09170571
0.12364572
0.357254
-0.29316222
1.03129536
0.22709483
0.68373135
0.63221088
-0.13464546
-0.44081221
-0.02685552
-0.2345587
0.58850967
0.43200524
0.44843984
0.42641604
0.50245723
1.24825227
-0.072733
0.19580403
0.67374258
-0.35277299
-0.08077854
0.09588855
0.20172288
0.71545765
-0.14590857
-0.26720645
-0.11618891
0.37899923
0.16259285
0.19919068
-0.38145408
-0.9374504
-0.24506108
-0.38301721
-0.35133388
0.13912244
0.38115975
0.40599924
0.5464153
0.25424588
-0.10934346
-0.11766421
0.26011797
0.38441797
-0.33105441
-0.05297827
0.00751062
-0.0171734
0.25838877
0.29198603
0.33590128
0.62281671
-0.73552077
0.59694879
-0.25944921
-0.22969897
-0.21776076
-0.28683779
-0.23023211
-0.67506059
0.08928009
-0.5081042
0.6129326
0.28011263
-0.15272179
-0.19781953
0.14487759
-0.0891111
-0.08640417
-0.21265415
0.46556852
0.48917166
0.45578739
0.70578761
0.31589954
-0.54873724
-0.06288112
-0.10115055
-0.04480377
-0.00867368
0.30943859
0.32746477
0.44160412
0.36721586
0.19668504
0.81091117
0.9967725
-0.34287793
0.29710379
-0.01653306
-0.09304092
0.14469762
0.23531157
0.6432037
0.30192296
0.33903789
0.49880424
-0.40333735
0.85942712
0.50414858
-0.2862834
0.17781418
0.08881448
0.43228984
-0.13882247
0.57708835
0.18137672
0.06513717
0.89663124
0.04637676
0.28606778
0.11809886
-0.002285
-0.32021981
1.06533584
0.37771709
0.04900269
-0.16915164
0.20714011
-0.05040385
0.68414723
-0.76037742
-0.1865957
0.13940742
-0.09750401
0.27694823
0.24004156
0.42009862
0.27509453
-0.11497394
0.41064909
0.82678063
0.68805624
0.34724911
0.61998924
0.52054302
0.18249428
-0.3292234
-0.12004753
-0.67582812
-0.86922698
-0.46741417
-0.61171993
0.27136171
-0.32998469
0.71158517
1.05290535
0.60526897
-0.27575024
0.11683474
-0.20930956
-0.07408379
0.0543277
-0.27077692
-0.01814677
0.52003678
0.60937866
0.56520919
0.54323994
0.19687672
-0.18759232
0.24094385
0.12372377
0.7960053
0.10082098
0.60197582
0.64885055
-0.19297829
0.47589854
0.65349279
0.58983495
-0.18602468
0.7056583
0.76097635
0.81706761
-0.20128552
0.04857385
0.23767909
0.03415466
0.09094601
0.7903702
0.10049067
-0.33476466
0.46062806
0.1421219
0.47947307
0.37645719
-0.0862917
0.61796829
0.30235472
-0.03866033
0.11814554
0.47699753
-0.05070827
0.64869259
0.57632188
0.00397954
0.51666112
0.78588372
0.76850574
0.52215576
0.09632423
0.44684132
0.19934859
-0.19750432
-0.26396999
-0.10678558
0.42026807
0.25920354
0.86027522
0.22535787
-0.08895748
-0.234792
0.14933017
0.86849007
-0.27563243
0.53274296
0.40664288
0.5260407
-0.08301124
-0.81093298
-0.37652693
-0.2649472
0.04230527
0.20927875
0.73820891
0.63698345
0.54233636
0.50503065
0.82224652
0.55293276
0.31844548
0.96340065
1.0430122
-0.53125012
-0.62634626
0.74977463
0.21170894
0.48861054
0.68035433
1.31849292
-0.07791465
-0.03336724
0.58127242
-0.92798346
-0.30399541
-0.3041514
0.47890364
0.53841943
-0.19162705
0.74284196
0.70025702
-0.82804877
-0.78047927
-0.16721111
0.17287939
-0.0044457
-0.14435227
0.17867221
0.84018874
1.22377178
0.00926489
0.70732315
0.58638215
0.46166802
-0.59514061
0.0806719
0.59765137
0.03186486
0.35799846
0.90319258
0.46190989
0.02139714
0.53220794
0.37241913
0.24049112
-0.01456838
-0.56767426
0.26262393
0.60302769
0.51829998
0.21269067
-0.38010656
0.27225051
0.55411873
0.54649066
-0.13282145
0.1942168
0.60552291
-0.16567633
0.28001278
0.59232915
1.46870109
0.26634985
0.1505608
0.17898718
0.70032751
1.28440848
0.37827407
-1.07397548
-0.22203096
0.3391323
-0.74775289
-1.01413868
-0.41148482
0.87304115
0.62838424
0.36462794
0.15267966
0.78067316
-0.13273427
-0.1280123
-0.59508842
0.18009165
-0.21339283
0.08969339
-0.17806719
0.29945842
0.89940081
0.68758221
1.0439751
0.03319988
0.70709769
0.68349611
-0.2229358
-0.4383051
0.69483143
0.133309
0.1709648
0.30366895
0.97838091
-0.2194924
-0.08660762
-0.41559408
-0.16629229
0.04115492
0.37654327
0.10378819
0.38861415
0.14497511
0.42213086
0.0741555
0.46472867
0.72046699
0.51552838
0.4827079
0.38546822
0.97549714
0.04763245
0.75993683
0.84732238
0.65763857
0.28137759
-0.04080773
0.15016597
0.29219898
0.29684497
0.35303017
-0.25772642
0.45903086
-0.59298563
0.1825662
0.19359948
-0.24164602
-0.34539405
0.61184404
0.42002761
1.54725119
0.40966631
0.49836592
0.48108302
-0.18434655
0.74468593
-0.48480808
-0.5814274
-0.58041944
-0.36860706
0.05012019
1.58367685
1.03001427
0.41300865
-0.82779085
0.97493771
0.75369029
-0.14304491
0.46572602
0.44406338
0.06822773
-0.32816445
0.71540482
1.50668436
0.4726693
-0.28913091
-0.42270349
0.04908427
0.54353308
-0.56732241
-0.62298422
0.09139145
0.63675798
0.28385232
0.01357344
0.15522585
1.03541227
-0.14288835
-0.34250581
-0.40522772
0.18067842
-0.09116658
-0.23611859
0.66003935
0.83878624
0.70159492
-0.18086522
0.5048809
1.38900287
0.19050619
0.39741021
0.51461478
-0.38437645
-0.13696078
-0.87511953
0.30492049
0.40130891
0.18517223
0.27884961
0.17816221
0.61185021
0.92149712
0.3866165
0.43538944
0.15298797
0.52021749
0.51066508
-0.44037179
0.01445279
0.5457947
0.43182423
0.14758703
0.40194658
1.28639015
0.70674992
0.13556016
-0.40637909
0.71531692
0.28589813
-0.28911958
0.0678825
-0.09615977
0.26488272
0.62181527
-0.78315997
0.48791904
-0.10674953
0.41188968
0.46131742
0.31242252
0.14226362
-0.01618603
0.1876509
0.10460673
0.38455744
0.00137293
-0.10969154
0.45311827
0.54275078
-0.03356345
-0.48043267
0.1394326
-0.06177259
-0.06157652
-0.03677655
0.61091002
0.68314605
0.32914268
0.2969519
0.30919181
0.00663009
-0.39383879
-0.02379727
0.34163874
0.38943011
-0.24791015
-0.13218393
0.07095366
-0.13699725
0.41601079
0.56392735
0.76333706
0.34456997
0.69635598
-0.11648611
0.40230196
-0.3023416
0.13046141
0.76531471
0.29292555
-0.08513016
0.35705209
0.61672562
0.16457104
0.00524484
-0.02554006
0.39489526
0.36349478
-0.49625317
-0.05573046
0.31525785
0.2813608
-0.43524314
-1.0555947
-0.19283224
0.13313202
-0.40544094
-0.07558391
-0.10036417
0.11479636
-0.06073844
-0.24170024
-0.61721408
0.37902034
0.16245348
0.33448916
0.08513921
0.02450073
0.06381665
0.01711747
-0.18089923
0.52866684
-0.22593551
-0.18033088
-0.54974446
0.34298733
0.31558749
-0.53657166
1.08302338
0.68656226
0.02599647
0.47425818
-0.67415312
0.49353282
0.59132479
-0.5828491
-1.16339237
-0.31148756
0.19278147
0.49920271
0.51749467
0.12927768
0.34928306
-0.33354302
1.16942907
-0.01416977
0.46519195
-0.62468146
-0.16641171
0.68941439
-0.64126629
0.33041237
0.66878834
0.51410621
0.29503307
-0.22388579
0.03852992
-0.25430887
-0.27099894
-0.5495047
-0.38068701
-0.1822063
-0.83218065
1.25258578
1.2331594
0.88589309
0.45854717
0.02409608
-0.18371471
0.1670928
0.08018098
0.57399561
-0.24756007
-0.59020326
-0.05435782
0.91245431
0.91857675
-0.00238846
0.14773537
-0.09034503
-0.28860757
0.10212267
-0.13475944
0.00352162
-0.3135689
-0.6484614
0.43056248
0.21094301
-0.21340988
0.40188095
0.10387585
-0.22559799
0.34614979
-0.0107148
0.12076266
0.17229105
-0.3950144
0.12601967
0.03607585
0.76274447
-0.04421273
-0.05502841
-0.17855692
0.64542404
0.25723575
0.15181413
-0.16480674
-0.22618198
-0.37747441
-0.32700675
0.32268941
-0.49121388
0.24809272
-0.04737597
-0.15215066
-1.26685398
0.01687254
0.30461596
-0.12833335
-0.56507737
-0.29614989
-0.04725303
0.14180427
0.68230981
0.15254025
0.17860709
0.93046804
-0.03264879
0.88866915
0.19417193
-0.21768634
-0.2240805
0.50851914
-0.05345719
0.07378342
-0.81665534
-0.1404286
-0.53986869
-0.16245189
0.39118033
0.22043943
0.35419398
0.11687461
0.7277738
0.1607963
0.12520584
0.54957317
0.41094892
-0.02858854
-0.50729293
-0.64456473
0.24208886
-0.15455781
0.21062461
0.44270485
-0.02627573
0.77393553
0.00045858
0.01630561
-1.10740028
-1.41610789
-0.62407248
-0.22401736
0.87994939
1.32920493
1.1669269
2.21652469
1.61116489
0.05866248
-0.19356325
-1.18893123
-2.18629239
-2.50588791
-1.56883322
-0.59252206
0.46186939
1.55287897
2.16970045
2.40340053
2.12069425
0.12503838
0.6154605
-0.46176398
-1.79739146
-1.83715799
-1.83372217
-1.6474893
-0.07834308
0.74755865
2.12063262
1.8402223
1.28515941
0.90183963
-0.17282663
-1.60122236
-1.40243513
-1.75204973
-1.51237334
-1.18921434
0.6940356
0.56486067
1.91086278
2.27083215
2.30605654
2.01784041
0.52305935
-0.62547574
-1.02320966
-1.90025868
-1.83370385
-0.93573493
0.45882649
1.27895059
2.02781676
2.31262091
2.80389666
1.34592828
-0.13473781
-0.62980176
-1.83023011
-1.56346293
-1.74655146
-0.78536557
0.5580682
0.95448463
2.39083158
2.19397451
1.83094321
1.33738235
0.54586446
-0.70042808
-1.77074913
-1.55202552
-0.67322779
0.04999018
0.36030326
0.91403348
1.60780755
2.61017564
1.73224204
1.24251289
0.750332
-0.80925247
-0.32632105
-0.70953722
-0.62549338
-0.34442589
-0.02388792
1.52352425
2.56908499
1.56148324
1.84885311
0.77123837
1.03819957
0.31829823
-0.43691218
-1.05655628
-0.61932682
-0.93573146
1.35762
1.85452409
2.29587689
0.80058872
0.37602963
0.81102627
-1.80517357
-1.58478879
-1.55015015
-0.69958147
0.30853014
0.89586692
3.08438823
3.41399909
2.28653714
1.43631422
0.45925558
-0.17384367
-1.28628068
-2.45338973
-1.92217046
-0.80277351
0.45704211
1.72755746
2.60848652
2.97116347
2.02693606
1.89866227
0.4395714
-0.52457405
-1.40748488
-2.0787585
-1.72181421
-1.15503654
-0.41168224
0.88206348
2.20583936
3.60626649
2.55740573
1.36868063
0.33253763
-0.04330692
-1.10472016
-2.80195112
-1.69373695
-1.02942822
0.18973566
0.76737159
2.88951197
3.06597816
2.587653
1.5830934
0.49961203
0.46810206
-1.58429583
-1.52430767
-1.69230097
-0.9385644
-0.07194174
0.75941213
2.41375506
2.35805161
1.58624027
1.4179698
0.60774619
-0.39026473
-1.59357045
-2.44923198
-1.2553918
0.01271027
0.39474679
0.25594422
2.2740168
2.83031063
1.52239189
0.80882153
0.32405944
-0.10863754
-1.2277728
-0.61624827
-0.41649259
-0.58382623
-0.15684088
0.91816689
1.99960786
1.84005781
1.86450357
1.64890447
1.09213301
-0.4069048
-0.68858062
-1.00848085
-1.08844452
-0.66726236
0.11745033
0.97180665
1.56133825
1.7680063
1.85153389
1.94061297
1.06356528
0.01399389
-0.55748738
-1.13107585
-0.99002005
-1.49372502
-0.41641163
0.2475316
0.97002864
1.7603135
1.30787683
2.28696237
1.34429674
0.47669138
-0.25519125
-0.94006383
-1.09305405
-0.39436641
-0.34069523
0.41515777
0.41245757
0.99046951
1.16881532
1.61107305
0.9120857
0.6177429
-0.76411842
-0.35337238
-1.20033499
0.00973576
-0.72246892
0.03054281
0.81064254
1.01389408
0.58658034
0.87863835
1.32786244
0.99891557
0.66070373
-0.39988487
-1.16185531
-0.59317156
-0.57067385
0.70773108
0.03594685
0.92091655
1.44160775
1.91086132
1.01788747
0.30642097
0.22387411
-0.33371348
-0.40156799
-1.26242403
-0.13438461
-0.03635264
0.38089458
0.80727192
1.47742537
1.69412527
1.0325388
-0.2315818
0.25630295
-0.19020759
-0.23214409
-0.45849982
-0.57021352
0.38661097
0.67210708
1.41796604
1.67670777
0.8063507
0.85904572
0.61454417
0.07347417
-0.41776844
-0.64786195
0.12589844
0.22256787
0.60111192
0.61345115
1.56317132
1.92009747
0.73244319
1.1220265
0.5516559
0.72268662
-0.08338588
-0.29265468
-0.54949216
-0.39507835
0.50271714
0.90209644
1.25919926
1.2358038
1.41694831
0.61376401
0.3749739
-0.2362381
-0.35448582
-0.46304911
-1.69629278
-1.18552852
0.27992456
0.79805688
1.15050448
1.91558938
2.69298872
2.37811026
0.75155192
-0.62619147
-0.43023728
-2.1134241
-2.66048251
-1.55736095
-0.88685692
0.85497069
1.86116494
3.31271614
3.29674
1.32627138
0.88438556
0.84722409
-0.72120566
-1.65869836
-2.16326073
-1.05298224
-0.19554642
-0.33485841
1.3555761
3.09876938
3.31120212
2.2301565
2.00225519
0.90551416
-0.92534001
-1.82802967
-1.38178904
-0.78893063
-0.30830068
0.77739676
1.60319251
2.35669875
1.99151757
2.12262382
1.47845183
0.51199422
-0.58200383
-0.56916096
-1.02100181
-0.8158355
-0.25924623
0.90579279
1.29930857
2.11431396
2.52990381
2.16379852
1.60371507
1.1482908
0.13713147
-0.37972894
-1.48879872
-1.01254484
-0.86928386
0.98078132
1.52789502
1.43367808
2.95025013
2.26824517
1.2076976
0.90015184
-0.32100884
-0.25397839
-1.25268532
-0.87578554
-0.42511039
0.75502702
0.95960432
1.24281224
2.68542143
1.44102737
1.12115855
0.73672679
0.13232182
-0.35593754
-1.33484882
-0.66385779
0.32665939
0.2072076
1.63918556
2.50284198
2.90162754
1.81649773
0.82826434
0.85899087
0.09271521
-0.53692727
-0.72192347
-0.01555613
-0.15735802
0.89056595
1.46387102
2.23472334
1.79302954
2.31264679
1.23088878
0.21789356
-0.76330541
-0.74819666
-0.77438283
-0.9926265
-0.42634004
1.59833668
2.16610986
0.97679554
1.49612809
0.82511173
0.50116043
-0.11471829
-0.95331742
-0.85333014
-0.64992716
-0.42530029
0.39043553
1.21340451
2.10195926
2.38325879
1.91859899
1.81283995
0.66998708
-0.33679388
-0.39814406
-0.57698164
-1.00243418
-0.76555482
0.6209649
1.09909844
0.74812474
1.85240952
2.07277811
0.67211545
-0.07986397
-0.45560853
-0.63060728
-1.46854899
-0.66598775
-0.78778747
0.76554932
1.08249201
0.75649116
2.00659625
2.42957609
0.93194862
0.70388839
-0.00203837
-0.60169194
-0.92979557
-0.5142572
0.12107619
0.6403815
0.3313541
0.99592414
1.59713365
0.81442659
1.04723173
0.61966184
-0.45080316
-0.06509622
-0.73154149
-0.27540323
-0.10786987
-0.05380796
0.98902012
0.84919144
1.76590521
1.05281663
0.60585246
0.16418488
-0.93144347
-0.06678387
-0.80543362
0.16968308
-0.90809167
0.06636602
1.31472407
0.97538158
0.57835317
1.3390299
1.68598322
0.20689318
-0.54314852
-0.34396428
-0.4262712
-0.25508547
-1.10585228
0.67244254
0.27792195
0.89509369
0.53050446
-0.35713424
-2.37428025
-4.28080096
-3.024612
-0.75125787
1.51840316
3.83345326
5.78521546
6.58575456
4.85584592
2.270846
-0.55377918
-3.56263091
-6.38889625
-6.93631794
-4.89711642
-2.42998212
0.16442751
3.9961329
7.46322287
7.97158027
5.98641925
3.88030505
0.6760584
-3.42802743
-6.79890394
-6.8435039
-5.44023811
-3.20071306
0.2284092
3.69508616
6.82454629
7.80604055
6.72964908
4.69872043
0.573566
-2.83665282
-5.80304708
-6.71564904
-5.04101693
-4.00128927
0.49547517
3.35647735
6.25867176
6.53067269
6.41862871
4.69076512
0.82379306
-2.18974277
-5.01063039
-5.31322388
-4.98448734
-3.19651009
0.45125539
2.65538186
4.93451227
6.06721648
5.38564255
3.61408346
0.85404259
-1.34597144
-4.01361308
-5.2019749
-4.24880441
-2.47992118
-0.32637885
2.53993171
5.72645874
5.14848258
4.9013985
2.95118954
1.66910804
-1.42249397
-4.44558477
-4.68239962
-3.32960587
-2.08662257
-1.06960414
1.79468482
5.12500762
5.30566306
4.62740217
3.20472664
1.57768034
-1.25163868
-3.21296507
-3.99493456
-2.93859697
-1.44932157
-0.50749342
3.12409474
4.60517868
5.17004604
4.73930689
3.68835174
1.66756812
-1.43426236
-3.40460457
-3.39037148
-2.53229866
-3.04511124
1.26256707
4.49270861
4.63009178
3.45751747
3.12014943
1.79917922
-0.81984239
-2.57172295
-4.25889673
-2.81992858
-1.47611834
-0.61370735
3.07716033
4.89545458
5.09024397
3.98935881
2.99791219
1.07305637
-2.26495428
-3.84104305
-3.44491148
-2.89548079
-1.70937192
0.16560006
2.74433986
4.96167061
5.00201288
5.15360113
3.32091597
1.7479625
-1.52529872
-3.02940077
-3.66696505
-4.36626678
-1.8127801
-0.38062905
2.67214521
3.74608359
5.12109011
4.8083193
3.50449953
1.1707294
-0.32217874
-2.68666374
-4.44977586
-2.95462347
-2.14604548
-0.28810382
2.83885992
4.78949041
4.91077977
4.21019047
2.80594465
1.07619454
-1.73453561
-3.20561923
-4.39724121
-2.02793816
-1.50094295
-0.58629814
1.5049651
3.96707147
4.74983532
3.60830411
3.11956535
1.95367592
-1.11700381
-2.2092421
-3.34741227
-2.21178404
-1.33746364
-0.32584781
2.36953324
3.62345991
4.01086246
2.99733365
2.48308712
0.65157373
-0.76229878
-2.19146078
-2.66391854
-2.39659865
-1.3124028
1.0303434
1.81143498
2.94214965
2.84666699
3.08652729
2.89068568
0.20149129
-0.95110617
-1.53301343
-1.79241046
-2.34832672
-0.62718927
1.4643155
0.91122066
2.89356586
2.54322032
2.20133737
1.98783399
-0.47169348
-0.20176358
-1.50712232
-1.06896398
-1.09649109
-0.52803161
0.6648141
1.26468444
1.54955188
1.68533213
2.04201441
0.55126468
0.44206934
-0.85713371
-1.11013356
-1.6396881
0.1875357
0.10091033
1.04845383
1.09389396
1.51017745
1.56922737
0.99912633
1.10667558
0.92800348
0.1457792
-1.17338911
-0.56968239
0.13822428
0.25058959
0.53873456
2.30850982
2.65708696
1.57040369
1.33490293
0.86371262
0.67759442
-1.19842456
-0.46925739
0.11571639
-0.63068017
-0.35219549
0.90287846
1.5121946
2.61264699
1.49738551
2.36625936
1.904438
0.20148871
-0.43840839
-0.66218195
0.14049986
-0.23071175
0.15314925
1.40854445
0.79865232
1.46322209
1.2878898
1.96767483
0.70662855
0.30712296
-0.11245559
-0.53849418
-0.78270602
-0.1426529
0.27352794
0.6300274
0.57957743
1.66735524
1.43243188
1.01750292
1.21833838
0.0407247
0.36067744
-0.27141047
-0.52835427
0.4841296
0.8956611
1.10406004
0.96830745
1.57927204
1.49139162
1.12918394
1.22686019
1.32915853
-0.05234503
-1.17026582
-0.78935722
-0.10226564
0.25686144
0.43861465
0.99953962
1.81560894
1.24116908
1.07222239
1.10678069
1.97166699
-0.43119805
-0.3582545
-1.20908805
-1.46217533
-1.45374191
0.0431174
1.80191413
2.6782441
3.32561914
3.68010034
3.66591116
1.90604981
0.40236292
-0.64030987
-2.11625885
-2.39298178
-2.14061066
-1.22473134
-0.58085966
1.68478794
3.56967717
3.98659577
3.31541934
2.83185979
1.97985796
0.16509116
-2.14960916
-3.08701927
-1.70189131
-1.33279144
-0.57454352
1.81845595
4.03185294
4.78128082
4.03375958
2.70297953
1.63365067
-0.90940915
-2.324539
-2.26496058
-2.04573204
-1.30422384
-0.97329301
1.82614128
3.77123363
3.44820049
3.05871233
2.28038143
1.92546945
-0.34248516
-1.22819804
-2.73742453
-2.05687805
-0.97525532
-0.26719513
1.24635462
2.26911306
3.95389613
3.4272297
2.6028894
0.8694956
0.3746877
-0.81102094
-1.96385102
-1.82814771
-2.12116822
0.68585949
0.97266202
2.03731854
3.91388617
3.01361299
2.69353028
1.19110862
-0.27114554
-0.8242524
-2.36320634
-2.36785034
-1.37616097
0.22838861
0.46068246
1.9261245
2.98237082
3.08312665
1.93088948
1.44669397
0.64807061
-1.11618378
-1.00764609
-1.16686195
-0.54581659
0.22572398
1.052035
2.31139871
2.61790602
2.17263185
1.85481213
1.01956575
-0.27943755
-1.02909293
-0.33888866
-0.91820463
-1.9290414
-2.3308354
-0.40732159
0.64705798
1.2154731
3.81819102
4.41412623
4.13445419
3.86979006
1.01597013
-0.51950833
-1.79823442
-4.21360254
-4.19901798
-2.43889445
-1.11131186
0.91656462
3.26119034
4.71055003
5.34194073
4.04914127
2.22441495
0.50011303
-2.46403681
-3.5142073
-3.65509525
-3.32789247
-1.43187587
0.8218623
2.86287633
4.35567987
4.44581983
4.39958549
2.24403048
0.0034993
-2.03280952
-3.06610643
-3.34214008
-2.71380885
-1.52016016
0.77390004
3.04818368
3.21319345
4.78167316
3.81593551
2.30766297
0.08092884
-1.08941756
-1.67787569
-3.23481015
-2.38784593
-0.95246359
0.98417411
1.71391538
2.37012984
3.82548618
3.07856988
1.91461591
0.48929647
-0.9161015
-1.64014936
-2.60806076
-2.28916831
-0.57739597
0.26606982
1.41944556
2.83339243
4.04267874
3.2074122
0.76728653
0.72896626
-0.6780475
-2.3178426
-2.22647915
-1.73907056
-0.54633248
-0.44213974
1.4423961
2.85503194
2.20794515
2.68990216
2.52578378
1.46251952
-0.30245601
-1.75542414
-1.26472166
-1.23992511
-1.22201655
-0.54456029
1.06537954
2.34990804
2.81466655
2.82160398
2.02589121
0.54759313
-0.17144207
-1.76700561
-1.62164781
-1.4639552
-1.12727936
0.25043797
2.22664058
2.63976941
3.31718349
2.9649305
1.77978813
-0.35704623
-1.86729172
-1.7220313
-1.49977014
-1.55883679
0.69120441
1.10655252
3.10817593
3.19119304
3.33171562
2.12468775
0.19426773
-0.56260764
-2.047205
-2.25851927
-1.99769062
-0.85693189
0.40092312
1.68045132
3.2001288
3.40317424
3.48975495
2.03743343
1.30905402
0.64359395
-1.6816572
-2.34245006
-2.23204788
-0.9858789
0.70023257
0.73407481
3.24224581
3.32820856
2.92722888
2.58998929
1.0385663
0.40204022
-1.37834108
-2.5044907
-1.09900446
0.16845307
-0.59240395
1.08637663
2.68975114
3.00742507
2.99317311
1.63221469
1.45976049
0.15834369
-0.61860052
-1.47495532
-1.88435779
-0.58559049
0.21584074
1.35660731
2.56326251
3.27035933
2.74885955
1.58724361
1.07346637
0.10787894
-0.68229617
-1.38499554
-1.76908316
-1.09412873
-0.05186551
1.27019783
1.46340282
2.48227435
3.24406409
2.0967801
0.56878877
-0.16365191
-0.77746337
-1.56637526
-1.75221418
-0.19476611
1.65051517
1.45066512
2.19237624
2.47411129
2.87931045
2.50486659
0.97376416
-0.14138183
-0.64219359
-1.35695955
-1.25662765
-0.56348587
0.9855632
1.45281384
1.88980828
2.55240551
2.72429732
1.60778398
-0.91903025
-0.29282734
-0.08270385
1.1872013
0.73045216
1.34365747
0.38947135
1.20521604
1.08816869
0.89798833
0.24051349
-0.38256403
1.36017368
0.64966702
1.14070688
1.34310251
1.48634653
0.43453736
-0.15838867
1.74280275
0.01754976
-0.9956961
-0.40947197
-0.19487847
0.21645485
0.05864519
0.77253754
1.6558622
1.19672301
0.49631864
1.54342706
1.41834208
0.80863627
-0.78362563
-0.13903509
-0.37349209
-0.81250082
0.73757016
1.03283839
1.25889728
0.8175802
1.34993028
1.47830428
0.96090456
-0.22628817
-0.49726349
-0.32382127
0.06324962
-0.67618549
0.35275202
1.27463307
1.17761637
1.69899653
1.4664979
1.78248447
1.1423524
0.25236197
0.36238044
-0.06197285
-0.0372425
0.03464784
0.66838767
1.4757256
1.18578293
1.35552041
0.7802017
0.25433568
0.61471076
0.96161878
0.34459857
0.61019558
-0.23789389
-0.26176329
1.1508423
0.75829078
0.89439967
0.72119932
0.32609104
0.47011835
1.16646914
0.0110959
0.29686993
-0.24754374
0.64799086
0.40918213
0.14578991
0.25224183
1.81380076
0.2014616
1.01892967
0.6152207
0.8176057
0.99184569
-0.14367364
1.050009
0.01305402
-0.51120606
-0.35519366
0.92447702
-0.08901187
-1.21533424
-0.52826005
0.7788244
1.10362057
1.62844434
1.71949167
2.65038239
1.75024938
0.48695065
-0.25653257
-0.53991607
-0.90141001
-1.89822682
-0.7716491
0.13765354
0.70208626
0.78349796
1.95692239
2.31685367
1.85153807
0.98733514
-0.03099392
-0.29360576
-1.0909102
-0.73905565
-0.83819106
-0.7041645
-0.17731539
1.2307182
1.29177162
1.07153546
2.04507001
1.33621035
1.50489572
0.17623148
-0.97363869
-1.10709358
-0.80216054
-1.1038344
0.19693703
1.37330324
1.70342009
1.9932315
2.28109339
2.45908523
1.50577113
0.301552
0.40830184
-0.02903976
-0.91195891
-1.13813876
0.48055224
1.62360076
1.1652537
1.62205601
2.18745726
2.23046616
1.19853173
0.3979801
-0.1934402
-0.14571666
-0.84374301
-0.846605
-0.46658133
1.09010362
0.91136328
1.66623646
1.9350941
1.26354755
1.67314662
0.64246061
-0.27577908
-0.73618227
0.23643872
0.37632718
-0.95586585
0.32969011
1.57965702
2.37718361
1.91464799
1.3886204
0.96187438
0.68344299
0.38391272
-0.41684155
-0.33566661
-0.20024966
-0.26301199
1.07058662
1.40847695
2.08685446
2.4487514
2.38125683
1.82933945
0.93126806
0.62212944
-0.21778122
-0.02703493
-0.79442884
0.56549368
1.4607766
1.07800228
1.14829577
1.70986226
1.66500383
1.63199127
0.25840334
0.19419767
-0.15965035
0.13430336
-0.10464345
0.58298842
0.80399387
1.47351983
1.11477897
2.08981698
1.51100886
1.54738134
0.59048603
0.67955257
-0.2476514
0.22994519
0.42097466
0.51956526
1.34571923
1.68222413
1.98846827
1.69327809
1.57526339
1.10272417
1.01082752
0.17359467
-0.27933549
0.5644185
0.62843599
0.93941811
0.89007135
1.78282873
1.95284742
1.36587693
0.9809336
1.0787934
1.25833624
0.15126348
-0.13847895
0.94896085
0.87804336
0.00888605
0.85339964
0.90330444
1.81666742
1.64885839
1.46785178
1.20612065
1.36661648
0.51694228
-0.01653871
0.40210399
-0.08687323
0.02418817
0.84330301
-0.1190416
1.31757263
1.38648695
2.12192962
1.37609998
0.06393346
0.75126458
-0.20672174
-0.4179354
-0.04450399
1.1179247
1.54036454
0.72244142
1.59930119
2.7460831
1.4817387
0.69600917
0.63097294
0.33915744
0.17118575
-0.31330405
-0.01575556
0.87075041
0.97782238
1.76937355
1.67978025
1.5913156
1.4220264
1.10419833
0.65193114
-0.2757277
-0.4471878
0.5675972
-0.13806103
1.32403661
0.52038772
1.64062524
0.75655644
0.49083056
0.86355803
1.07446399
0.84335121
0.91313247
0.8309453
1.23136499
0.55098804
1.08639902
0.70055786
1.64378338
0.76883602
0.8483967
1.47326302
1.08204292
1.22377879
0.43692451
1.53716474
1.00575128
0.89143374
0.03502216
1.12042395
1.36568624
1.03817543
0.34094916
1.41171828
1.36286132
1.02088511
1.86262254
1.03192649
0.692775
0.60079234
-0.01482968
0.95280027
-0.05148271
1.16923758
1.5095574
1.73790562
1.53826463
0.87709138
0.63505262
0.77440231
0.20342046
0.24902733
0.61573237
1.48725048
0.97269732
0.43051124
1.70165276
1.26853258
1.03900888
0.40594927
1.01969036
0.67400009
-0.3188421
1.36367538
0.67858926
0.8284269
1.04396075
0.96977891
1.42227418
0.87929357
1.5364748
1.34264458
1.3865805
0.97216297
0.6347428
0.25123433
0.03529164
0.23269376
0.72738292
0.56463249
0.60836521
0.74232561
1.70045176
1.46340706
0.98566867
0.37812828
1.44189318
0.14394032
0.82173876
1.0834285
1.14549492
1.89501361
0.54322487
1.21144172
1.41046517
0.2299479
0.85839365
1.39401783
1.20551412
0.73533881
1.27795011
2.24060012
0.94163303
1.34547512
1.83329001
0.82207934
0.68673054
0.40755013
0.76238588
0.50679183
0.57110589
0.99543907
1.60435121
1.78425561
1.03866167
0.78690944
1.15456206
0.67260861
0.25132231
0.38282704
0.88058258
0.79064978
1.32051659
1.10911285
1.08091629
0.33839541
0.26462092
1.44757659
0.80685912
0.96930871
0.809722
1.75580012
0.90547071
0.57239775
0.87985189
0.60072436
0.84842126
0.78362506
0.76080098
1.26874158
0.45262465
0.81554522
1.75788293
1.59320843
0.78655466
1.07576404
1.36856188
0.68257915
1.62025734
0.89643813
1.03049555
0.95241175
1.17933528
1.24804639
1.11460838
0.91304412
0.77273034
1.04669343
1.7529788
0.8944098
1.3679048
2.12729086
1.17896601
1.3500136
1.04737624
1.44931713
1.42596011
0.59505496
1.14059612
0.89472064
0.87248676
1.36715296
1.55980804
0.86069424
0.42201667
0.4516991
1.24472856
1.0710296
1.09246083
1.29577374
1.90800118
1.62066063
0.56402125
1.0217953
1.09650701
0.8806003
1.40827938
0.94616992
1.22595964
1.56202547
1.14474572
1.50398648
0.87356686
0.53620563
1.03000653
0.94995903
0.43440167
0.61405162
0.83164693
0.98543392
1.26511356
1.49468462
1.41370558
1.44008544
1.15918458
0.57229867
1.26449828
0.5084728
0.28302492
0.91287139
1.48122071
0.77951587
0.91559372
1.75214557
1.52858506
2.09069973
1.22371491
1.28744343
1.19749338
1.4012277
0.50042513
0.70465312
1.13286786
0.64632908
0.94437418
0.62052349
1.25063364
0.61649659
1.57200492
1.46638443
0.62174465
0.52753675
1.09583936
0.96923561
0.41120601
0.6860959
1.67549651
0.8341328
1.19636247
1.39304878
1.19972793
1.17698681
0.39666717
0.972729
0.82503518
0.53820443
0.86704398
0.99330017
1.33017447
0.44076803
0.73824427
1.25354888
1.19574908
0.939719
0.61241644
0.80010074
1.01495994
1.20794567
0.74348316
1.37664924
1.25612434
1.68600035
1.92070489
1.72581823
0.8462785
0.61028007
1.59048647
1.33712916
1.15712533
0.97100522
1.20855529
0.9163075
0.60889935
1.6760808
1.16813638
1.27697735
1.18273677
0.92966053
0.84403844
1.17429736
1.23678146
1.85573552
1.27309645
0.71207535
0.38735469
1.4522243
1.2295607
0.87112746
0.48641378
0.58407626
1.0168088
1.04082629
1.43231081
1.11502275
0.88078766
1.1937543
0.74614253
0.77682229
1.05986185
1.31104385
1.235226
1.3188363
0.94036653
2.11623314
1.39132702
0.86843616
1.51851399
0.43835797
1.05640464
0.46072009
0.27111398
0.96061395
0.36876788
0.71175117
1.31773221
1.27366688
1.21396171
0.56852827
1.33626179
0.75711827
0.76656577
1.33356121
1.16503499
2.15436376
0.78358175
1.16155117
1.66772679
1.44251772
1.21456501
0.63054891
0.83575394
0.82777057
0.96002848
0.67541297
1.84970723
1.37215694
1.14472556
1.21851281
1.42762162
0.71094939
0.97422532
0.97811784
0.74698519
0.83422299
1.40985838
0.75555356
1.33875258
1.02188213
1.60706129
1.28009154
0.75418939
1.26376672
1.02626568
1.52657618
0.71241273
1.3351352
1.90987972
1.0589023
1.07194981
1.12742854
1.43180628
0.99412185
0.75797465
1.31934287
0.93004958
1.08914178
0.77199601
1.21293477
0.93788395
1.28151294
0.8233742
1.46624777
0.06792187
0.84378276
0.65598033
1.31129167
1.18716615
1.60610884
2.27565706
1.00229178
0.85775089
1.51587276
1.60635347
0.98372987
0.48210906
0.69946524
1.50989322
0.84561693
0.87595348
1.81204288
2.3548108
2.13863241
0.43163967
0.7624659
1.3819627
0.72134982
0.78205458
0.82608223
1.16127483
0.61309301
0.85103276
1.76296896
1.41065536
1.01770046
1.09268747
1.27219666
1.89943813
0.8938444
0.69539065
1.15547166
0.71838968
0.86042566
1.22091287
1.42296432
1.88822439
1.35911103
1.28573736
1.52585999
1.73718976
2.12270175
1.1971585
0.06576305
0.15872466
1.12588213
1.3191599
0.80849177
1.35505855
1.21272557
1.83677786
0.52947252
0.83288731
1.22816728
0.56296698
1.51062228
0.87205394
1.14509802
2.32496653
1.19198143
0.70095079
1.49455528
1.02976521
1.6482824
1.35195426
1.21726809
1.4573803
-0.0960339
1.63016362
1.22370292
1.27908072
1.19578729
1.32360653
1.30522678
1.4736527
1.99030443
0.90116257
1.73277467
0.84539092
0.96342917
0.75884987
0.87501157
1.3103482
1.48037936
1.50310416
1.37061818
1.42831076
1.30743866
0.39915658
0.84330884
1.82435297
1.17860698
1.17395436
1.53949747
0.74740983
1.93385906
1.30479709
1.46240371
1.81589709
1.14701606
1.26441059
0.6462074
1.24350059
1.43342332
0.76197947
1.17077591
0.9277126
1.14368827
0.74567692
0.56582562
1.70491042
0.83666139
0.70552334
1.3697593
1.42003177
1.28049313
1.61295073
1.39436927
1.73380362
0.88718641
1.01269124
1.68070326
0.97907203
0.97960025
1.01455843
1.11861408
1.37465458
1.6824919
1.62292164
1.37396325
1.90531408
0.72220016
0.99979225
1.84987078
1.53087167
0.81690715
1.42707678
1.27826195
1.5977885
1.0515223
1.81364017
1.61192379
0.21607182
2.15341043
1.36255644
1.22315507
1.30291815
1.7972757
1.43628356
1.16910975
0.46984957
1.65138456
1.96758612
0.67676769
1.50695251
1.92364456
0.98206146
1.51634591
1.40535922
1.87543001
0.675569
0.66766365
1.6162678
1.40872848
1.29995538
1.64007912
1.26506286
0.98128858
2.15324258
1.69968055
1.48747362
1.2655138
1.58666191
1.26500691
0.94817737
0.37471263
0.64268267
0.3401442
1.79799625
0.72915551
1.37954132
2.04310193
1.94638133
2.19242412
1.44770037
0.47559704
0.40116299
0.20074284
2.14365866
1.90536112
0.58317744
0.89337669
1.76859813
1.88254665
1.56242185
1.43804204
1.05569428
1.41372907
1.61876485
0.11244027
1.44234063
1.0405595
1.10766499
1.82735883
1.69913441
0.65189056
0.86833156
0.78566747
1.1226002
1.10176064
1.26466892
1.39465578
1.60220964
1.46539412
1.0298298
0.52337962
1.69757494
0.42333008
1.01171715
1.41565426
1.10925494
1.03944789
1.64023532
1.07456179
1.74476076
0.85522276
1.22579761
0.98886707
1.2922959
0.60477135
1.58773352
1.41313348
0.88038445
0.86072786
0.96444585
0.08133267
1.30293812
0.83381586
1.07994624
0.92023831
1.03678734
1.17281267
0.56900349
1.58343537
1.5393525
1.25600584
1.00983352
1.31397139
1.58084157
1.00913074
0.65522687
1.78375639
1.58343938
1.36430239
0.99465332
1.06045567
1.82459139
1.00422552
1.40505508
1.14904051
1.35396721
1.07808985
0.84548924
0.98256276
1.49619505
1.10829459
0.55915895
1.15525401
1.28983471
1.94975017
1.08630481
0.79047865
1.32030765
1.26080928
1.24670268
1.07815337
2.16719954
1.54555768
0.42703281
1.61172844
0.86317872
0.08266336
0.69559069
0.82185841
1.57741211
0.80358096
1.42569465
1.56829945
1.66278168
1.73699554
1.74278989
0.79511609
0.9616138
1.1421234
1.2168611
1.15157956
1.40173903
1.50333375
1.69774402
1.79894109
0.82012274
1.71815485
1.92270283
0.85079262
1.00106442
0.95110159
0.70622462
1.31651367
0.78048597
1.3419114
0.95057146
0.61861883
2.21557922
1.21310967
1.82213802
0.76340154
1.49160974
1.23668091
0.74474433
1.13888534
1.35164775
1.02474048
0.55192182
0.99252979
1.19939588
1.18125219
1.08410153
1.29883767
1.42215971
1.15010345
1.10372996
1.43561131
0.7759636
0.40285645
1.30559741
1.68800386
1.34763745
0.54749739
1.66620266
1.39109412
1.34871712
1.00854988
1.33651058
1.6478802
0.81471144
0.69851367
0.96220923
1.40999896
1.23985741
1.21188234
1.7693452
1.28079425
0.6426967
1.16515756
0.99112917
1.4252484
0.83315657
1.29322989
1.08360613
1.57934052
1.90321659
1.6012658
1.57735883
1.3968803
1.11436985
0.45054559
0.8811755
0.82266171
1.89582625
0.9627134
1.2898005
2.4928036
2.27295252
1.13696939
0.07193987
0.65894788
1.52137699
1.3002061
0.86274442
1.44032701
2.10394039
1.31313756
1.71420924
0.68722587
1.20620316
0.81505945
0.67952097
-0.0087982
1.35123495
1.0001676
0.62917648
1.42988279
1.45932277
1.3428235
0.91983371
1.26812387
1.57787453
1.89398598
0.69010202
1.04013162
1.47673309
1.76074206
0.37388991
0.73936892
1.1494467
1.12168966
0.57251001
0.66937062
1.06004
0.89339734
1.2581236
1.63637897
1.06383161
1.33837952
0.9673953
1.89974816
1.76070813
1.38571559
1.0313778
1.06531245
1.46231562
0.4213318
1.02622187
1.69191388
0.76939834
0.94769421
1.60184435
1.43241773
0.96442325
1.51855935
0.99766051
0.11084613
0.87255395
0.80177723
1.69285583
2.04487725
0.96662264
0.96088957
2.17868647
0.67705451
1.47359909
1.56778938
0.85600281
1.98143012
1.50225827
1.69425357
1.30095837
0.99678225
1.64903408
0.83241372
0.1723051
0.54902091
0.99683868
1.1469241
0.33029563
1.10603897
2.0847036
1.83468823
1.59053921
1.41865941
1.97625716
1.108819
0.3611532
0.95060198
1.02439738
2.02147698
1.56829593
1.77174413
1.91132147
1.27004586
1.52567221
1.5267965
1.19273783
0.99866471
0.5932365
1.150268
1.86928625
1.31670929
1.23013026
2.43075201
1.76480117
1.0689945
0.70363719
1.935107
1.09087155
0.87020212
1.44724107
1.41856136
1.52285443
2.36002936
1.74013641
1.80403988
1.6795655
1.57050542
1.40145831
0.64777151
1.25473851
2.06723637
1.85209546
0.82379242
1.90717022
1.74210808
1.39233448
1.43113511
1.81398363
2.26632335
1.94363429
1.21721502
1.38027663
1.86462356
1.60632178
1.39420667
1.33932337
1.94526842
1.58205163
1.04168035
1.7088926
1.74689119
1.55356648
1.53725534
1.24655364
0.38153332
1.00702033
1.41596993
1.81874679
2.44959984
1.52799362
1.03657164
2.4603823
2.14010751
1.50508753
2.0415109
1.85922141
1.42186899
1.72790389
0.86682943
1.57747521
1.87694
2.05496776
0.7433929
1.08659088
1.90948772
1.71645304
1.6571348
0.9887096
1.87855828
1.25602911
1.52608569
0.91954007
0.99462108
1.79740209
1.33903078
1.08986345
1.58809104
1.98166821
1.28139726
1.35532559
1.74060758
1.90184319
1.94929974
1.78513668
0.97300974
1.02573403
1.64393175
1.43495049
1.04569891
1.67684037
2.37229297
2.4646956
1.61297289
1.9225805
1.54546994
1.4318792
1.76187512
0.84233854
1.13922453
1.81415829
1.82361601
1.4659296
1.68525884
1.49513512
2.27689039
0.91439389
1.39001438
2.68843086
1.60749127
1.46512427
1.34281509
1.46920196
1.56321705
1.54940342
2.84089743
1.87033501
1.61607296
1.95781295
1.44377805
1.7077621
1.2038698
1.27684111
0.92489149
1.06301961
1.41801505
1.39053583
1.63230297
2.21870299
2.02411047
2.4842464
1.40100235
0.86311337
0.4481463
1.73938188
1.37229039
1.30732721
1.18145957
1.59745093
1.2169293
2.13622563
2.37400387
2.38825353
1.60680535
1.17813438
0.9150851
0.85278956
1.12363539
0.52049626
1.3825897
0.88130616
1.10888987
1.02819119
2.2111451
1.36780053
1.22976066
1.3191279
1.52607656
1.05446101
0.73119234
1.45898205
0.6068532
1.83642852
2.0817885
1.87634811
2.23645703
1.33489904
1.29899889
1.72976483
1.31808642
1.44025595
1.42916992
1.33019409
1.07729477
0.98640437
1.02716432
1.63137816
1.2024749
1.51083526
1.09672747
0.70569853
0.75845876
1.67420399
2.19999412
0.43207289
1.36197548
1.21938889
1.74603844
1.28968595
1.63222728
1.67920053
0.9885027
0.88264179
0.84359048
1.48067613
1.47593047
1.09697927
1.29049631
1.18859714
1.44093878
1.70790724
1.02729015
1.98432952
1.68068014
0.62779698
1.16335176
0.81718757
1.33667584
1.2418013
1.3609443
1.13517009
1.12026433
1.4665569
1.4463898
2.13584915
1.19202282
1.37928468
1.77620402
1.22605555
0.8349573
0.79755871
1.73295894
1.46068457
1.70670353
2.09014974
1.22599364
0.9624109
1.68490695
1.75266706
1.542001
1.2685554
0.76479796
1.82586133
0.47655349
1.55011034
1.04456324
1.78416918
1.28926453
1.385094
3.03177664
1.91380864
0.59040034
1.21136642
1.22480795
1.08610371
0.86059987
1.56889861
1.68031578
0.50859202
0.90616749
1.77541738
0.74328084
1.0172475
1.45661601
0.96987922
1.90763824
0.50142196
1.52165167
1.63169412
1.26874664
1.70365022
1.030182
2.0637451
1.80696212
1.36253751
1.62165885
1.7999578
2.3969835
0.94857864
1.65501173
1.75300658
0.97395243
0.92176799
1.56041309
1.49458207
1.15880921
1.27711537
1.70581184
1.28004486
1.8142578
2.21170651
1.57373764
1.94520343
1.019612
1.68780104
1.52333827
1.09147592
1.29364843
1.19060897
1.19822775
0.88212559
1.42634011
1.69214234
1.76827092
1.74407193
0.69541982
1.02498915
0.90356137
0.99183522
1.10845392
1.93246162
1.17559519
1.06137171
1.58123779
2.46551512
2.14157362
1.25985304
1.15503089
1.49763751
0.91803083
1.27211841
0.5773586
1.09973558
1.47539189
2.07586858
1.61098537
1.93510413
1.7853647
0.5715777
0.95198145
0.94207188
1.02083816
1.40842424
1.31088336
0.80803991
1.36806903
1.63990295
1.07741645
1.67528371
2.20068063
1.8444601
1.89982461
0.98914672
1.02868879
0.9513841
0.86563337
1.64657836
1.88577868
1.62948225
1.86437231
1.6206816
1.46039755
1.57511498
1.42850912
1.38594766
0.5280971
1.4828886
1.17832944
1.36804943
0.87534275
0.12094704
1.00656391
1.88067869
1.90153017
1.91686464
0.79952406
1.46826529
1.57271247
1.04201488
1.87585555
1.19448109
0.89722701
1.47981233
1.36872665
1.62553879
1.01060563
0.9549696
1.15563764
0.95277701
1.79349057
0.42122648
1.30742226
2.13013274
0.30011587
0.97014573
1.76995845
1.21415005
1.46558895
1.1406025
1.83055212
0.93955201
1.1405808
1.19919423
0.59940932
0.94703694
0.38592473
1.33602852
1.10478773
0.81949633
1.54442436
1.47253882
1.59206899
0.8000256
0.71267688
1.06057157
0.78931115
1.24819764
0.9629521
0.97229038
1.27885155
1.52158556
1.29747905
1.10731669
1.40165409
0.55342317
1.29051047
1.53239948
1.20499271
0.66011614
1.48233448
1.20182928
0.83049882
1.49278607
2.28704035
2.35104158
0.52337545
1.01076189
1.07876047
1.20941588
1.25198871
1.60617476
1.05193638
1.02264193
1.05657844
1.43551893
1.810449
1.39520945
1.51375248
1.37375896
1.26636549
0.81795431
0.80531759
0.86521399
0.95667807
1.87771814
1.61702774
0.81629124
1.15536617
1.9889963
1.52863935
1.43419056
1.02055974
1.79429143
0.74640815
1.23633149
0.86013109
1.73320759
1.63082421
1.46926966
1.09886088
1.71634213
1.33339504
1.25009245
1.02977104
1.27987862
0.95990264
0.68868524
1.98742136
1.68371178
2.14895287
1.27579599
1.90498316
1.6608006
1.52679155
1.03323339
1.10693736
1.37252419
0.72160545
1.10941189
1.86309343
1.52937531
1.59260467
1.50299192
0.69628148
1.89812858
1.23212924
1.43420487
1.57042566
0.88639352
0.51127696
1.26820137
1.49622146
1.3368035
0.82658763
1.94226361
1.26053249
0.85107114
1.5798217
0.69282891
1.23293445
1.14948328
1.22419344
1.0984075
1.16874708
1.80976292
1.76875753
0.91292187
0.85430989
0.86835542
1.71235114
0.59109482
1.0274486
1.82019137
1.28027642
1.98694559
1.56493451
1.15463682
1.67085552
1.45276984
1.17375536
0.92975525
1.49655222
1.30762683
1.35339216
1.42160314
1.12634716
1.54202573
1.80789452
1.46042613
0.99946099
1.31935926
1.3474721
0.71928465
0.99150635
1.65809684
1.43561287
1.14897754
2.02641355
1.31273861
1.41084771
1.08973855
1.00993827
0.87845408
1.07483258
1.21097988
1.23229042
2.07041626
1.73147585
1.58743976
0.8125741
1.72523165
1.2056139
0.94516734
0.18028304
1.1859251
1.32136665
0.18704182
1.00289134
1.42893147
1.93194313
1.2734947
1.10574925
1.56161379
1.14423324
0.89500392
0.78428495
0.27987219
1.35978032
1.2910684
1.06434595
1.67509082
1.42337907
1.20166199
0.80073452
2.22731032
1.57535687
1.51356254
1.12655962
1.04911635
1.07159061
1.34839138
1.34078878
1.85554008
1.74381874
1.62761669
1.09656245
1.30127546
1.57591357
2.18054707
1.98811533
1.28464516
1.92322315
1.37704448
1.11784901
0.64220286
1.93238119
0.82052663
0.92498997
1.23407981
1.42126099
1.3569044
0.95491843
1.07211312
2.02606029
2.08993157
2.0211758
1.37294883
1.52093253
0.68475098
0.81683589
0.81581312
1.8830937
1.58796545
1.61859462
1.42754079
2.74121507
1.29647018
1.27641492
1.17413802
1.57682059
0.68202231
0.99250621
0.74888624
0.87328853
1.80895553
1.22087929
1.64937733
1.68196464
2.02106039
2.20523929
0.96282187
1.50103789
1.29799026
1.18783864
1.10851656
1.362283
1.76207181
1.56572205
1.68351265
1.17559984
2.06261052
1.48504659
1.86861087
0.74649391
1.7972117
2.26413911
0.76331878
1.13055068
1.67838148
2.39300792
2.52617975
1.88702442
1.76195272
1.44754805
1.48249159
1.01021063
1.27018002
1.48597423
1.64238109
1.61664765
1.40014963
1.92514593
1.30936586
1.80691903
1.70455875
1.60249631
1.55143929
1.30467142
1.07570458
2.28238907
1.80589445
1.21187566
2.05828093
1.31145135
1.82255871
1.64827681
1.3228312
1.51168559
1.76401459
1.15085248
1.56449927
1.25014037
1.94165942
2.03099824
1.92809722
2.1427223
1.95593335
1.08546851
1.38306299
2.04367401
1.5833437
0.91115045
1.67261469
1.73428609
2.19177653
1.89092359
1.69295542
2.3056048
1.52388106
1.4444281
1.34397396
1.6327647
1.69096289
1.94058936
1.85765096
1.60268613
1.68543071
1.24785529
1.47865337
1.29966727
1.78593557
1.48673599
1.53872518
2.0785134
1.23676944
1.28100654
1.47045145
1.33713307
1.05397694
1.72997346
1.40822873
1.12288687
2.48062594
1.63857851
1.22289756
1.73213645
1.31843932
1.98153984
1.63762555
1.52220256
1.77044955
1.38496936
1.63708268
1.32528353
1.54028734
2.10612041
1.27732228
1.29413825
0.84268369
2.20219634
2.11539519
1.37943274
1.84331482
2.42396279
1.27835136
0.85499094
1.16554152
0.44656894
0.97911015
0.55712021
1.51583358
1.19504138
1.81617276
0.97719311
1.58312201
1.49520782
1.33507117
2.12610912
0.98886524
1.49730034
1.93168644
1.24601605
0.84891597
1.40438173
1.76936356
1.7688131
0.54356022
0.96993636
1.45393228
1.1285837
1.33052582
1.54030034
1.80425554
1.69437222
0.9358229
1.25972196
1.51189758
1.85059287
1.28169253
1.4383019
1.71329444
1.07430127
1.53950685
1.3867076
1.77890745
2.04506296
0.76674439
1.25932241
1.63234205
1.52812981
1.59655032
1.26071885
1.10867639
2.066741
